return {
	Vector3.new(0, 0, 0),
	Vector3.new(-7.468414306640625, -0.1143026351928711, 0),
	Vector3.new(-7.390724182128906, -5.8290910720825195, 0),
	Vector3.new(-0.0849761962890625, -7.727545738220215, 0),
	Vector3.new(-3.23577880859375, -1.959834098815918, 0),
	Vector3.new(-4.940090179443359, -4.974911689758301, 0),
	Vector3.new(0.5692024230957031, -4.836467266082764, 0),
	Vector3.new(-4.133476257324219, -1.8233518600463867, 0),
	Vector3.new(-5.586051940917969, -5.560357570648193, 0),
	Vector3.new(-3.9687538146972656, -8.24882698059082, 0),
	Vector3.new(-1.2299575805664062, -6.66657829284668, 0),
	Vector3.new(-2.5519447326660156, -2.2440805435180664, 0)
}
