return {
    -- First set of points for the sphere
    Vector3.new(5.000000, 0.000000, 0.000000),
    Vector3.new(4.979796, 0.156434, 0.000000),
    Vector3.new(4.919665, 0.312868, 0.000000),
    Vector3.new(4.819999, 0.468621, 0.000000),
    Vector3.new(4.681274, 0.623490, 0.000000),
    Vector3.new(4.504295, 0.777359, 0.000000),
    Vector3.new(4.290978, 0.929996, 0.000000),
    Vector3.new(4.043439, 1.081180, 0.000000),
    Vector3.new(3.763062, 1.230692, 0.000000),
    Vector3.new(3.451511, 1.378300, 0.000000),
    Vector3.new(3.110596, 1.523784, 0.000000),
    Vector3.new(2.743277, 1.666938, 0.000000),
    Vector3.new(2.352573, 1.807522, 0.000000),
    Vector3.new(1.941590, 1.945313, 0.000000),
    Vector3.new(1.513506, 2.080094, 0.000000),
    Vector3.new(1.071558, 2.211659, 0.000000),
    Vector3.new(0.618054, 2.339798, 0.000000),
    Vector3.new(0.156307, 2.464314, 0.000000),
    Vector3.new(-0.312868, 2.585022, 0.000000),
    Vector3.new(-0.781537, 2.701727, 0.000000),
    Vector3.new(-1.269798, 2.814259, 0.000000),
    Vector3.new(-1.775292, 2.922459, 0.000000),
    Vector3.new(-2.295926, 3.026183, 0.000000),
    Vector3.new(-2.829539, 3.125303, 0.000000),
    Vector3.new(-3.372442, 3.219706, 0.000000),
    Vector3.new(-3.920449, 3.309291, 0.000000),
    Vector3.new(-4.469744, 3.393967, 0.000000),
    Vector3.new(-5.000000, 3.473634, 0.000000),
    Vector3.new(-5.000000, 3.473634, 0.156435),
    Vector3.new(-4.469744, 3.393967, 0.156435),
    Vector3.new(-3.920449, 3.309291, 0.156435),
    Vector3.new(-3.372442, 3.219706, 0.156435),
    Vector3.new(-2.829539, 3.125303, 0.156435),
    Vector3.new(-2.295926, 3.026183, 0.156435),
    Vector3.new(-1.775292, 2.922459, 0.156435),
    Vector3.new(-1.269798, 2.814259, 0.156435),
    Vector3.new(-0.781537, 2.701727, 0.156435),
    Vector3.new(-0.312868, 2.585022, 0.156435),
    Vector3.new(0.156307, 2.464314, 0.156435),
    Vector3.new(0.618054, 2.339798, 0.156435),
    Vector3.new(1.071558, 2.211659, 0.156435),
    Vector3.new(1.513506, 2.080094, 0.156435),
    Vector3.new(1.941590, 1.945313, 0.156435),
    Vector3.new(2.352573, 1.807522, 0.156435),
    Vector3.new(2.743277, 1.666938, 0.156435),
    Vector3.new(3.110596, 1.523784, 0.156435),
    Vector3.new(3.451511, 1.378300, 0.156435),
    Vector3.new(3.763062, 1.230692, 0.156435),
    Vector3.new(4.043439, 1.081180, 0.156435),
    Vector3.new(4.290978, 0.929996, 0.156435),
    Vector3.new(4.504295, 0.777359, 0.156435),
    Vector3.new(4.681274, 0.623490, 0.156435),
    Vector3.new(4.819999, 0.468621, 0.156435),
    Vector3.new(4.919665, 0.312868, 0.156435),
    Vector3.new(4.979796, 0.156434, 0.156435),
    Vector3.new(5.000000, 0.000000, 0.156435),
    Vector3.new(5.000000, 0.000000, 0.000000),
    Vector3.new(4.979796, -0.156434, 0.000000),
    Vector3.new(4.919665, -0.312868, 0.000000),
    Vector3.new(4.819999, -0.468621, 0.000000),
    Vector3.new(4.681274, -0.623490, 0.000000),
    Vector3.new(4.504295, -0.777359, 0.000000),
    Vector3.new(4.290978, -0.929996, 0.000000),
    Vector3.new(4.043439, -1.081180, 0.000000),
    Vector3.new(3.763062, -1.230692, 0.000000),
    Vector3.new(3.451511, -1.378300, 0.000000),
    Vector3.new(3.110596, -1.523784, 0.000000),
    Vector3.new(2.743277, -1.666938, 0.000000),
    Vector3.new(2.352573, -1.807522, 0.000000),
    Vector3.new(1.941590, -1.945313, 0.000000),
    Vector3.new(1.513506, -2.080094, 0.000000),
    Vector3.new(1.071558, -2.211659, 0.000000),
    Vector3.new(0.618054, -2.339798, 0.000000),
    Vector3.new(0.156307, -2.464314, 0.000000),
    Vector3.new(-0.312868, -2.585022, 0.000000),
    Vector3.new(-0.781537, -2.701727, 0.000000),
    Vector3.new(-1.269798, -2.814259, 0.000000),
    Vector3.new(-1.775292, -2.922459, 0.000000),
    Vector3.new(-2.295926, -3.026183, 0.000000),
    Vector3.new(-2.829539, -3.125303, 0.000000),
    Vector3.new(-3.372442, -3.219706, 0.000000),
    Vector3.new(-3.920449, -3.309291, 0.000000),
    Vector3.new(-4.469744, -3.393967, 0.000000),
    Vector3.new(-5.000000, -3.473634, 0.000000)
}
