return {
    Vector3.new(0.560811, 0.007418, 0),
    Vector3.new(0.587838, 0.011128, 0),
    Vector3.new(0.601351, 0.014837, 0),
    Vector3.new(0.445946, 0.018546, 0),
    Vector3.new(0.621622, 0.022255, 0),
    Vector3.new(0.418919, 0.025964, 0),
    Vector3.new(0.628378, 0.025964, 0),
    Vector3.new(0.398649, 0.033383, 0),
    Vector3.new(0.648649, 0.040801, 0),
    Vector3.new(0.662162, 0.055638, 0),
    Vector3.new(0.371622, 0.063056, 0),
    Vector3.new(0.689189, 0.092730, 0),
    Vector3.new(0.689189, 0.096439, 0),
    Vector3.new(0.682432, 0.111276, 0),
    Vector3.new(0.675676, 0.114985, 0),
    Vector3.new(0.675676, 0.118694, 0),
    Vector3.new(0.364865, 0.129822, 0),
    Vector3.new(0.385135, 0.129822, 0),
    Vector3.new(0.358108, 0.133531, 0),
    Vector3.new(0.385135, 0.133531, 0),
    Vector3.new(0.351351, 0.137240, 0),
    Vector3.new(0.385135, 0.137240, 0),
    Vector3.new(0.344595, 0.140950, 0),
    Vector3.new(0.405405, 0.152077, 0),
    Vector3.new(0.412162, 0.159496, 0),
    Vector3.new(0.412162, 0.163205, 0),
    Vector3.new(0.398649, 0.166914, 0),
    Vector3.new(0.675676, 0.170623, 0),
    Vector3.new(0.418919, 0.178042, 0),
    Vector3.new(0.391892, 0.181751, 0),
    Vector3.new(0.391892, 0.185460, 0),
    Vector3.new(0.682432, 0.189169, 0),
    Vector3.new(0.412162, 0.192878, 0),
    Vector3.new(0.702703, 0.211424, 0),
    Vector3.new(0.371622, 0.233680, 0),
    Vector3.new(0.716216, 0.244807, 0),
    Vector3.new(0.716216, 0.248516, 0),
    Vector3.new(0.358108, 0.252226, 0),
    Vector3.new(0.344595, 0.263353, 0),
    Vector3.new(0.331081, 0.274481, 0),
    Vector3.new(0.729730, 0.285608, 0),
    Vector3.new(0.418919, 0.289318, 0),
    Vector3.new(0.729730, 0.289318, 0),
    Vector3.new(0.405405, 0.296736, 0),
    Vector3.new(0.641892, 0.296736, 0),
    Vector3.new(0.655405, 0.300445, 0),
    Vector3.new(0.635135, 0.307864, 0),
    Vector3.new(0.743243, 0.307864, 0),
    Vector3.new(0.635135, 0.311573, 0),
    Vector3.new(0.270270, 0.315282, 0),
    Vector3.new(0.668919, 0.318991, 0),
    Vector3.new(0.263514, 0.322700, 0),
    Vector3.new(0.668919, 0.322700, 0),
    Vector3.new(0.364865, 0.326409, 0),
    Vector3.new(0.439189, 0.326409, 0),
    Vector3.new(0.756757, 0.326409, 0),
    Vector3.new(0.256757, 0.330119, 0),
    Vector3.new(0.614865, 0.337537, 0),
    Vector3.new(0.608108, 0.344955, 0),
    Vector3.new(0.682432, 0.344955, 0),
    Vector3.new(0.770270, 0.344955, 0),
    Vector3.new(0.202703, 0.352374, 0),
    Vector3.new(0.209459, 0.352374, 0),
    Vector3.new(0.229730, 0.352374, 0),
    Vector3.new(0.324324, 0.356083, 0),
    Vector3.new(0.783784, 0.359792, 0),
    Vector3.new(0.358108, 0.363501, 0),
    Vector3.new(0.804054, 0.363501, 0),
    Vector3.new(0.709459, 0.367211, 0),
    Vector3.new(0.810811, 0.367211, 0),
    Vector3.new(0.304054, 0.370920, 0),
    Vector3.new(0.810811, 0.370920, 0),
    Vector3.new(0.168919, 0.374629, 0),
    Vector3.new(0.297297, 0.374629, 0),
    Vector3.new(0.331081, 0.374629, 0),
    Vector3.new(0.155405, 0.382047, 0),
    Vector3.new(0.608108, 0.382047, 0),
    Vector3.new(0.824324, 0.382047, 0),
    Vector3.new(0.155405, 0.385757, 0),
    Vector3.new(0.135135, 0.393175, 0),
    Vector3.new(0.297297, 0.393175, 0),
    Vector3.new(0.621622, 0.393175, 0),
    Vector3.new(0.635135, 0.400593, 0),
    Vector3.new(0.736486, 0.400593, 0),
    Vector3.new(0.283784, 0.404303, 0),
    Vector3.new(0.641892, 0.404303, 0),
    Vector3.new(0.277027, 0.408012, 0),
    Vector3.new(0.756757, 0.408012, 0),
    Vector3.new(0.695946, 0.411721, 0),
    Vector3.new(0.763514, 0.411721, 0),
    Vector3.new(0.101351, 0.415430, 0),
    Vector3.new(0.236486, 0.415430, 0),
    Vector3.new(0.891892, 0.415430, 0),
    Vector3.new(0.202703, 0.419139, 0),
    Vector3.new(0.722973, 0.419139, 0),
    Vector3.new(0.891892, 0.419139, 0),
    Vector3.new(0.236486, 0.422849, 0),
    Vector3.new(0.790541, 0.422849, 0),
    Vector3.new(0.804054, 0.426558, 0),
    Vector3.new(0.810811, 0.426558, 0),
    Vector3.new(0.824324, 0.426558, 0),
    Vector3.new(0.101351, 0.430267, 0),
    Vector3.new(0.837838, 0.430267, 0),
    Vector3.new(0.891892, 0.430267, 0),
    Vector3.new(0.121622, 0.437685, 0),
    Vector3.new(0.202703, 0.441395, 0),
    Vector3.new(0.743243, 0.441395, 0),
    Vector3.new(0.216216, 0.452522, 0),
    Vector3.new(0.222973, 0.452522, 0),
    Vector3.new(0.222973, 0.456231, 0),
    Vector3.new(0.209459, 0.463650, 0),
    Vector3.new(0.736486, 0.467359, 0),
    Vector3.new(0.229730, 0.474777, 0),
    Vector3.new(0.743243, 0.478487, 0),
    Vector3.new(0.229730, 0.482196, 0),
    Vector3.new(0.736486, 0.482196, 0),
    Vector3.new(0.229730, 0.489614, 0),
    Vector3.new(0.236486, 0.489614, 0),
    Vector3.new(0.243243, 0.489614, 0),
    Vector3.new(0.250000, 0.489614, 0),
    Vector3.new(0.256757, 0.489614, 0),
    Vector3.new(0.270270, 0.489614, 0),
    Vector3.new(0.689189, 0.504451, 0),
    Vector3.new(0.695946, 0.504451, 0),
    Vector3.new(0.702703, 0.504451, 0),
    Vector3.new(0.709459, 0.504451, 0),
    Vector3.new(0.277027, 0.511869, 0),
    Vector3.new(0.655405, 0.511869, 0),
    Vector3.new(0.317568, 0.515579, 0),
    Vector3.new(0.506757, 0.530415, 0),
    Vector3.new(0.324324, 0.534125, 0),
    Vector3.new(0.506757, 0.534125, 0),
    Vector3.new(0.506757, 0.537834, 0),
    Vector3.new(0.331081, 0.556380, 0),
    Vector3.new(0.337838, 0.571217, 0),
    Vector3.new(0.635135, 0.574926, 0),
    Vector3.new(0.635135, 0.578635, 0),
    Vector3.new(0.635135, 0.582344, 0),
    Vector3.new(0.344595, 0.586053, 0),
    Vector3.new(0.635135, 0.586053, 0),
    Vector3.new(0.344595, 0.589763, 0),
    Vector3.new(0.635135, 0.589763, 0),
    Vector3.new(0.635135, 0.593472, 0),
    Vector3.new(0.635135, 0.597181, 0),
    Vector3.new(0.635135, 0.600890, 0),
    Vector3.new(0.472973, 0.604599, 0),
    Vector3.new(0.635135, 0.604599, 0),
    Vector3.new(0.472973, 0.608309, 0),
    Vector3.new(0.635135, 0.608309, 0),
    Vector3.new(0.358108, 0.612018, 0),
    Vector3.new(0.472973, 0.612018, 0),
    Vector3.new(0.520270, 0.612018, 0),
    Vector3.new(0.635135, 0.612018, 0),
    Vector3.new(0.358108, 0.615727, 0),
    Vector3.new(0.472973, 0.615727, 0),
    Vector3.new(0.520270, 0.615727, 0),
    Vector3.new(0.635135, 0.615727, 0),
    Vector3.new(0.472973, 0.619436, 0),
    Vector3.new(0.520270, 0.619436, 0),
    Vector3.new(0.472973, 0.623145, 0),
    Vector3.new(0.533784, 0.645401, 0),
    Vector3.new(0.547297, 0.660237, 0),
    Vector3.new(0.689189, 0.660237, 0),
    Vector3.new(0.472973, 0.663947, 0),
    Vector3.new(0.472973, 0.667656, 0),
    Vector3.new(0.472973, 0.671365, 0),
    Vector3.new(0.560811, 0.671365, 0),
    Vector3.new(0.472973, 0.675074, 0),
    Vector3.new(0.472973, 0.678783, 0),
    Vector3.new(0.472973, 0.682493, 0),
    Vector3.new(0.574324, 0.682493, 0),
    Vector3.new(0.472973, 0.686202, 0),
    Vector3.new(0.472973, 0.689911, 0),
    Vector3.new(0.581081, 0.689911, 0),
    Vector3.new(0.702703, 0.689911, 0),
    Vector3.new(0.472973, 0.693620, 0),
    Vector3.new(0.472973, 0.697329, 0),
    Vector3.new(0.587838, 0.697329, 0),
    Vector3.new(0.472973, 0.701039, 0),
    Vector3.new(0.472973, 0.704748, 0),
    Vector3.new(0.601351, 0.715875, 0),
    Vector3.new(0.608108, 0.723294, 0),
    Vector3.new(0.716216, 0.723294, 0),
    Vector3.new(0.716216, 0.727003, 0),
    Vector3.new(0.614865, 0.734421, 0),
    Vector3.new(0.364865, 0.738131, 0),
    Vector3.new(0.621622, 0.741840, 0),
    Vector3.new(0.628378, 0.749258, 0),
    Vector3.new(0.371622, 0.752967, 0),
    Vector3.new(0.641892, 0.767804, 0),
    Vector3.new(0.479730, 0.775223, 0),
    Vector3.new(0.385135, 0.782641, 0),
    Vector3.new(0.729730, 0.782641, 0),
    Vector3.new(0.655405, 0.786350, 0),
    Vector3.new(0.729730, 0.786350, 0),
    Vector3.new(0.729730, 0.790059, 0),
    Vector3.new(0.668919, 0.804896, 0),
    Vector3.new(0.398649, 0.808605, 0),
    Vector3.new(0.486486, 0.819733, 0),
    Vector3.new(0.405405, 0.823442, 0),
    Vector3.new(0.486486, 0.823442, 0),
    Vector3.new(0.750000, 0.823442, 0),
    Vector3.new(0.682432, 0.827151, 0),
    Vector3.new(0.756757, 0.830861, 0),
    Vector3.new(0.412162, 0.834570, 0),
    Vector3.new(0.418919, 0.845697, 0),
    Vector3.new(0.770270, 0.849407, 0),
    Vector3.new(0.770270, 0.853116, 0),
    Vector3.new(0.500000, 0.856825, 0),
    Vector3.new(0.425676, 0.860534, 0),
    Vector3.new(0.500000, 0.860534, 0),
    Vector3.new(0.695946, 0.864243, 0),
    Vector3.new(0.783784, 0.864243, 0),
    Vector3.new(0.695946, 0.867953, 0),
    Vector3.new(0.432432, 0.871662, 0),
    Vector3.new(0.695946, 0.871662, 0),
    Vector3.new(0.790541, 0.871662, 0),
    Vector3.new(0.439189, 0.882789, 0),
    Vector3.new(0.439189, 0.886499, 0),
    Vector3.new(0.804054, 0.890208, 0),
    Vector3.new(0.527027, 0.893917, 0),
    Vector3.new(0.533784, 0.901335, 0),
    Vector3.new(0.804054, 0.901335, 0),
    Vector3.new(0.439189, 0.916172, 0),
    Vector3.new(0.709459, 0.916172, 0),
    Vector3.new(0.439189, 0.919881, 0),
    Vector3.new(0.722973, 0.927300, 0),
    Vector3.new(0.777027, 0.934718, 0),
    Vector3.new(0.527027, 0.938427, 0),
    Vector3.new(0.439189, 0.942136, 0),
    Vector3.new(0.527027, 0.942136, 0),
    Vector3.new(0.533784, 0.960682, 0),
    Vector3.new(0.520270, 0.986647, 0)
}
