return {
    Vector3.new(0, 0, 0),
    Vector3.new(11.9072904586792, 0, 0),
    Vector3.new(11.9062904586792, 0.2079072904586792, 0),
    Vector3.new(11.9022904586792, 0.4159072904586792, 0),
    Vector3.new(11.8942904586792, 0.6239072904586792, 0),
    Vector3.new(11.8822904586792, 0.8319072904586792, 0),
    Vector3.new(11.8672904586792, 1.0399072904586792, 0),
    Vector3.new(11.8492904586792, 1.2479072904586792, 0),
    Vector3.new(11.8272904586792, 1.4559072904586792, 0),
    Vector3.new(11.8022904586792, 1.6639072904586792, 0),
    Vector3.new(11.7732904586792, 1.8719072904586792, 0),
    Vector3.new(11.7412904586792, 2.0799072904586792, 0),
    Vector3.new(11.7072904586792, 2.2879072904586792, 0),
    Vector3.new(11.6702904586792, 2.4959072904586792, 0),
    Vector3.new(11.6302904586792, 2.7039072904586792, 0),
    Vector3.new(11.5882904586792, 2.9119072904586792, 0),
    Vector3.new(11.5442904586792, 3.1199072904586792, 0),
    Vector3.new(11.4982904586792, 3.3279072904586792, 0),
    Vector3.new(11.4502904586792, 3.5359072904586792, 0),
    Vector3.new(11.4002904586792, 3.7439072904586792, 0),
    Vector3.new(11.3482904586792, 3.9519072904586792, 0),
    Vector3.new(11.2952904586792, 4.1599072904586792, 0),
    Vector3.new(11.2402904586792, 4.3679072904586792, 0),
    Vector3.new(11.1832904586792, 4.5759072904586792, 0),
    Vector3.new(11.1252904586792, 4.7839072904586792, 0),
    Vector3.new(11.0652904586792, 4.9919072904586792, 0),
    Vector3.new(11.0032904586792, 5.1999072904586792, 0),
    Vector3.new(10.9392904586792, 5.4079072904586792, 0),
    Vector3.new(10.8732904586792, 5.6159072904586792, 0),
    Vector3.new(10.8052904586792, 5.8239072904586792, 0),
    Vector3.new(10.7352904586792, 6.0319072904586792, 0),
    Vector3.new(10.6632904586792, 6.2399072904586792, 0),
    Vector3.new(10.5892904586792, 6.4479072904586792, 0),
    Vector3.new(10.5132904586792, 6.6559072904586792, 0),
    Vector3.new(10.4352904586792, 6.8639072904586792, 0),
    Vector3.new(10.3552904586792, 7.0719072904586792, 0),
    Vector3.new(10.2732904586792, 7.2799072904586792, 0),
    Vector3.new(10.1892904586792, 7.4879072904586792, 0),
    Vector3.new(10.1032904586792, 7.6959072904586792, 0),
    Vector3.new(10.0152904586792, 7.9039072904586792, 0),
    Vector3.new(9.9252904586792, 8.1119072904586792, 0),
    Vector3.new(9.8332904586792, 8.3199072904586792, 0),
    Vector3.new(9.7392904586792, 8.5279072904586792, 0),
    Vector3.new(9.6432904586792, 8.7359072904586792, 0),
    Vector3.new(9.5452904586792, 8.9439072904586792, 0),
    Vector3.new(9.4452904586792, 9.1519072904586792, 0),
    Vector3.new(9.3432904586792, 9.3599072904586792, 0),
    Vector3.new(9.2392904586792, 9.5679072904586792, 0),
    Vector3.new(9.1332904586792, 9.7759072904586792, 0),
    Vector3.new(9.0252904586792, 9.9839072904586792, 0),
    Vector3.new(8.9152904586792, 10.1919072904586792, 0),
    Vector3.new(8.8032904586792, 10.3999072904586792, 0),
    Vector3.new(8.6892904586792, 10.6079072904586792, 0),
    Vector3.new(8.5732904586792, 10.8159072904586792, 0),
    Vector3.new(8.4552904586792, 11.0239072904586792, 0),
    Vector3.new(8.3352904586792, 11.2319072904586792, 0),
    Vector3.new(8.2132904586792, 11.4399072904586792, 0),
    Vector3.new(8.0892904586792, 11.6479072904586792, 0),
    Vector3.new(7.9632904586792, 11.8559072904586792, 0),
    Vector3.new(7.8352904586792, 12.0639072904586792, 0),
    Vector3.new(7.7052904586792, 12.2719072904586792, 0),
    Vector3.new(7.5732904586792, 12.4799072904586792, 0),
    Vector3.new(7.4392904586792, 12.6879072904586792, 0),
    Vector3.new(7.3032904586792, 12.8959072904586792, 0),
    Vector3.new(7.1652904586792, 13.1039072904586792, 0),
    Vector3.new(7.0252904586792, 13.3119072904586792, 0),
    Vector3.new(6.8832904586792, 13.5199072904586792, 0),
    Vector3.new(6.7392904586792, 13.7279072904586792, 0),
    Vector3.new(6.5932904586792, 13.9359072904586792, 0),
    Vector3.new(6.4452904586792, 14.1439072904586792, 0),
    Vector3.new(6.2952904586792, 14.3519072904586792, 0),
    Vector3.new(6.1432904586792, 14.5599072904586792, 0),
    Vector3.new(5.9892904586792, 14.7679072904586792, 0),
    Vector3.new(5.8332904586792, 14.9759072904586792, 0),
    Vector3.new(5.6752904586792, 15.1839072904586792, 0),
    Vector3.new(5.5152904586792, 15.3919072904586792, 0),
    Vector3.new(5.3532904586792, 15.5999072904586792, 0),
    Vector3.new(5.1892904586792, 15.8079072904586792, 0),
    Vector3.new(5.0232904586792, 16.0159072904586792, 0),
    Vector3.new(4.8552904586792, 16.2239072904586792, 0),
    Vector3.new(4.6852904586792, 16.4319072904586792, 0),
    Vector3.new(4.5132904586792, 16.6399072904586792, 0),
    Vector3.new(4.3392904586792, 16.8479072904586792, 0),
    Vector3.new(4.1632904586792, 17.0559072904586792, 0),
    Vector3.new(3.9852904586792, 17.2639072904586792, 0),
    Vector3.new(3.8052904586792, 17.4719072904586792, 0),
    Vector3.new(3.6232904586792, 17.6799072904586792, 0),
    Vector3.new(3.4392904586792, 17.8879072904586792, 0),
    Vector3.new(3.2532904586792, 18.0959072904586792, 0),
    Vector3.new(3.0652904586792, 18.3039072904586792, 0),
    Vector3.new(2.8752904586792, 18.5119072904586792, 0),
    Vector3.new(2.6832904586792, 18.7199072904586792, 0),
    Vector3.new(2.4892904586792, 18.9279072904586792, 0),
    Vector3.new(2.2932904586792, 19.1359072904586792, 0),
    Vector3.new(2.0952904586792, 19.3439072904586792, 0),
    Vector3.new(1.8952904586792, 19.5519072904586792, 0),
    Vector3.new(1.6932904586792, 19.7599072904586792, 0),
    Vector3.new(1.4892904586792, 19.9679072904586792, 0),
    Vector3.new(1.2832904586792, 20.1759072904586792, 0),
    Vector3.new(1.0752904586792, 20.3839072904586792, 0),
    Vector3.new(0.8652904586792, 20.5919072904586792, 0),
    Vector3.new(0.6532904586792, 20.7999072904586792, 0),
    Vector3.new(0.4392904586792, 21.0079072904586792, 0),
    Vector3.new(0.2232904586792, 21.2159072904586792, 0),
    Vector3.new(0, 21.4239072904586792, 0),
}
