return {
Vector3.new(3.9, 0, 0),
Vector3.new(4.6499999999999995, 0, 0),
Vector3.new(3.5999999999999996, 0.15, 0),
Vector3.new(3.75, 0.15, 0),
Vector3.new(4.8, 0.15, 0),
Vector3.new(4.95, 0.15, 0),
Vector3.new(3.4499999999999997, 0.3, 0),
Vector3.new(5.1, 0.3, 0),
Vector3.new(3.15, 0.44999999999999996, 0),
Vector3.new(3.3, 0.44999999999999996, 0),
Vector3.new(5.25, 0.44999999999999996, 0),
Vector3.new(3.15, 0.6, 0),
Vector3.new(5.25, 0.6, 0),
Vector3.new(3, 0.75, 0),
Vector3.new(5.3999999999999995, 0.75, 0),
Vector3.new(3, 0.8999999999999999, 0),
Vector3.new(5.3999999999999995, 0.8999999999999999, 0),
Vector3.new(3, 1.05, 0),
Vector3.new(5.55, 1.05, 0),
Vector3.new(3, 1.2, 0),
Vector3.new(5.55, 1.2, 0),
Vector3.new(3, 1.3499999999999999, 0),
Vector3.new(5.55, 1.3499999999999999, 0),
Vector3.new(3, 1.5, 0),
Vector3.new(5.55, 1.5, 0),
Vector3.new(2.85, 1.65, 0),
Vector3.new(5.7, 1.65, 0),
Vector3.new(2.85, 1.7999999999999998, 0),
Vector3.new(3, 1.7999999999999998, 0),
Vector3.new(5.55, 1.7999999999999998, 0),
Vector3.new(5.7, 1.7999999999999998, 0),
Vector3.new(2.6999999999999997, 1.95, 0),
Vector3.new(2.85, 1.95, 0),
Vector3.new(3.15, 1.95, 0),
Vector3.new(5.3999999999999995, 1.95, 0),
Vector3.new(5.7, 1.95, 0),
Vector3.new(2.55, 2.1, 0),
Vector3.new(2.6999999999999997, 2.1, 0),
Vector3.new(3.15, 2.1, 0),
Vector3.new(5.3999999999999995, 2.1, 0),
Vector3.new(5.7, 2.1, 0),
Vector3.new(2.55, 2.25, 0),
Vector3.new(3.15, 2.25, 0),
Vector3.new(5.3999999999999995, 2.25, 0),
Vector3.new(3, 2.4, 0),
Vector3.new(3.3, 2.4, 0),
Vector3.new(5.3999999999999995, 2.4, 0),
Vector3.new(3, 2.55, 0),
Vector3.new(3.15, 2.55, 0),
Vector3.new(3.4499999999999997, 2.55, 0),
Vector3.new(5.55, 2.55, 0),
Vector3.new(3, 2.6999999999999997, 0),
Vector3.new(3.15, 2.6999999999999997, 0),
Vector3.new(3.4499999999999997, 2.6999999999999997, 0),
Vector3.new(5.3999999999999995, 2.6999999999999997, 0),
Vector3.new(3, 2.85, 0),
Vector3.new(3.3, 2.85, 0),
Vector3.new(5.55, 2.85, 0),
Vector3.new(3, 3, 0),
Vector3.new(5.7, 3, 0),
Vector3.new(3, 3.15, 0),
Vector3.new(5.7, 3.15, 0),
Vector3.new(3, 3.3, 0),
Vector3.new(5.7, 3.3, 0),
Vector3.new(3, 3.4499999999999997, 0),
Vector3.new(5.7, 3.4499999999999997, 0),
Vector3.new(3, 3.5999999999999996, 0),
Vector3.new(5.85, 3.5999999999999996, 0),
Vector3.new(2.85, 3.75, 0),
Vector3.new(5.85, 3.75, 0),
Vector3.new(2.85, 3.9, 0),
Vector3.new(5.85, 3.9, 0),
Vector3.new(2.6999999999999997, 4.05, 0),
Vector3.new(5.85, 4.05, 0),
Vector3.new(2.55, 4.2, 0),
Vector3.new(6, 4.2, 0),
Vector3.new(2.4, 4.35, 0),
Vector3.new(6, 4.35, 0),
Vector3.new(2.25, 4.5, 0),
Vector3.new(3.3, 4.5, 0),
Vector3.new(3.4499999999999997, 4.5, 0),
Vector3.new(5.25, 4.5, 0),
Vector3.new(6, 4.5, 0),
Vector3.new(2.25, 4.6499999999999995, 0),
Vector3.new(3.15, 4.6499999999999995, 0),
Vector3.new(3.5999999999999996, 4.6499999999999995, 0),
Vector3.new(5.1, 4.6499999999999995, 0),
Vector3.new(5.3999999999999995, 4.6499999999999995, 0),
Vector3.new(6.1499999999999995, 4.6499999999999995, 0),
Vector3.new(2.1, 4.8, 0),
Vector3.new(3, 4.8, 0),
Vector3.new(3.5999999999999996, 4.8, 0),
Vector3.new(5.1, 4.8, 0),
Vector3.new(5.3999999999999995, 4.8, 0),
Vector3.new(6.1499999999999995, 4.8, 0),
Vector3.new(2.1, 4.95, 0),
Vector3.new(2.85, 4.95, 0),
Vector3.new(3.4499999999999997, 4.95, 0),
Vector3.new(5.1, 4.95, 0),
Vector3.new(5.55, 4.95, 0),
Vector3.new(6.1499999999999995, 4.95, 0),
Vector3.new(1.95, 5.1, 0),
Vector3.new(2.6999999999999997, 5.1, 0),
Vector3.new(3.3, 5.1, 0),
Vector3.new(4.95, 5.1, 0),
Vector3.new(5.55, 5.1, 0),
Vector3.new(6.3, 5.1, 0),
Vector3.new(1.7999999999999998, 5.25, 0),
Vector3.new(2.6999999999999997, 5.25, 0),
Vector3.new(3.15, 5.25, 0),
Vector3.new(4.8, 5.25, 0),
Vector3.new(5.7, 5.25, 0),
Vector3.new(6.3, 5.25, 0),
Vector3.new(1.5, 5.3999999999999995, 0),
Vector3.new(1.65, 5.3999999999999995, 0),
Vector3.new(2.55, 5.3999999999999995, 0),
Vector3.new(2.85, 5.3999999999999995, 0),
Vector3.new(3, 5.3999999999999995, 0),
Vector3.new(4.8, 5.3999999999999995, 0),
Vector3.new(5.7, 5.3999999999999995, 0),
Vector3.new(6.45, 5.3999999999999995, 0),
Vector3.new(6.6, 5.3999999999999995, 0),
Vector3.new(1.3499999999999999, 5.55, 0),
Vector3.new(2.4, 5.55, 0),
Vector3.new(2.6999999999999997, 5.55, 0),
Vector3.new(4.8, 5.55, 0),
Vector3.new(5.85, 5.55, 0),
Vector3.new(6.6, 5.55, 0),
Vector3.new(1.2, 5.7, 0),
Vector3.new(2.55, 5.7, 0),
Vector3.new(4.95, 5.7, 0),
Vector3.new(5.85, 5.7, 0),
Vector3.new(6.6, 5.7, 0),
Vector3.new(0.8999999999999999, 5.85, 0),
Vector3.new(1.3499999999999999, 5.85, 0),
Vector3.new(5.1, 5.85, 0),
Vector3.new(6, 5.85, 0),
Vector3.new(6.75, 5.85, 0),
Vector3.new(6.8999999999999995, 5.85, 0),
Vector3.new(7.05, 5.85, 0),
Vector3.new(7.199999999999999, 5.85, 0),
Vector3.new(0.8999999999999999, 6, 0),
Vector3.new(1.05, 6, 0),
Vector3.new(1.2, 6, 0),
Vector3.new(5.25, 6, 0),
Vector3.new(6, 6, 0),
Vector3.new(7.199999999999999, 6, 0),
Vector3.new(0.8999999999999999, 6.1499999999999995, 0),
Vector3.new(5.3999999999999995, 6.1499999999999995, 0),
Vector3.new(5.55, 6.1499999999999995, 0),
Vector3.new(6.1499999999999995, 6.1499999999999995, 0),
Vector3.new(7.199999999999999, 6.1499999999999995, 0),
Vector3.new(0.75, 6.3, 0),
Vector3.new(1.5, 6.3, 0),
Vector3.new(1.65, 6.3, 0),
Vector3.new(5.7, 6.3, 0),
Vector3.new(5.85, 6.3, 0),
Vector3.new(6, 6.3, 0),
Vector3.new(6.1499999999999995, 6.3, 0),
Vector3.new(6.3, 6.3, 0),
Vector3.new(6.45, 6.3, 0),
Vector3.new(6.6, 6.3, 0),
Vector3.new(7.199999999999999, 6.3, 0),
Vector3.new(0.75, 6.45, 0),
Vector3.new(1.3499999999999999, 6.45, 0),
Vector3.new(1.7999999999999998, 6.45, 0),
Vector3.new(6, 6.45, 0),
Vector3.new(6.75, 6.45, 0),
Vector3.new(6.8999999999999995, 6.45, 0),
Vector3.new(7.05, 6.45, 0),
Vector3.new(7.199999999999999, 6.45, 0),
Vector3.new(0.8999999999999999, 6.6, 0),
Vector3.new(1.05, 6.6, 0),
Vector3.new(1.2, 6.6, 0),
Vector3.new(1.65, 6.6, 0),
Vector3.new(6, 6.6, 0),
Vector3.new(1.5, 6.75, 0),
Vector3.new(1.65, 6.75, 0),
Vector3.new(6.1499999999999995, 6.75, 0),
Vector3.new(1.7999999999999998, 6.8999999999999995, 0),
Vector3.new(6, 6.8999999999999995, 0),
Vector3.new(1.7999999999999998, 7.05, 0),
Vector3.new(6, 7.05, 0),
Vector3.new(1.7999999999999998, 7.199999999999999, 0),
Vector3.new(5.85, 7.199999999999999, 0),
Vector3.new(6, 7.199999999999999, 0),
Vector3.new(1.7999999999999998, 7.35, 0),
Vector3.new(1.95, 7.35, 0),
Vector3.new(2.1, 7.35, 0),
Vector3.new(5.7, 7.35, 0),
Vector3.new(2.25, 7.5, 0),
Vector3.new(5.7, 7.5, 0),
Vector3.new(2.25, 7.6499999999999995, 0),
Vector3.new(5.3999999999999995, 7.6499999999999995, 0),
Vector3.new(5.55, 7.6499999999999995, 0),
Vector3.new(2.25, 7.8, 0),
Vector3.new(2.4, 7.8, 0),
Vector3.new(3.9, 7.8, 0),
Vector3.new(4.05, 7.8, 0),
Vector3.new(5.25, 7.8, 0),
Vector3.new(2.1, 7.949999999999999, 0),
Vector3.new(2.25, 7.949999999999999, 0),
Vector3.new(2.55, 7.949999999999999, 0),
Vector3.new(3.75, 7.949999999999999, 0),
Vector3.new(4.2, 7.949999999999999, 0),
Vector3.new(5.25, 7.949999999999999, 0),
Vector3.new(2.55, 8.1, 0),
Vector3.new(3.75, 8.1, 0),
Vector3.new(4.2, 8.1, 0),
Vector3.new(5.25, 8.1, 0),
Vector3.new(2.6999999999999997, 8.25, 0),
Vector3.new(3.75, 8.25, 0),
Vector3.new(4.2, 8.25, 0),
Vector3.new(5.25, 8.25, 0),
Vector3.new(2.6999999999999997, 8.4, 0),
Vector3.new(3.75, 8.4, 0),
Vector3.new(4.2, 8.4, 0),
Vector3.new(5.1, 8.4, 0),
Vector3.new(2.6999999999999997, 8.549999999999999, 0),
Vector3.new(3.75, 8.549999999999999, 0),
Vector3.new(4.2, 8.549999999999999, 0),
Vector3.new(5.1, 8.549999999999999, 0),
Vector3.new(2.85, 8.7, 0),
Vector3.new(3.75, 8.7, 0),
Vector3.new(4.2, 8.7, 0),
Vector3.new(5.1, 8.7, 0),
Vector3.new(2.85, 8.85, 0),
Vector3.new(3.75, 8.85, 0),
Vector3.new(4.2, 8.85, 0),
Vector3.new(5.1, 8.85, 0),
Vector3.new(2.85, 9, 0),
Vector3.new(3.75, 9, 0),
Vector3.new(4.2, 9, 0),
Vector3.new(5.1, 9, 0),
Vector3.new(2.85, 9.15, 0),
Vector3.new(3.75, 9.15, 0),
Vector3.new(4.2, 9.15, 0),
Vector3.new(5.1, 9.15, 0),
Vector3.new(3, 9.299999999999999, 0),
Vector3.new(3.75, 9.299999999999999, 0),
Vector3.new(4.2, 9.299999999999999, 0),
Vector3.new(5.25, 9.299999999999999, 0),
Vector3.new(3, 9.45, 0),
Vector3.new(3.75, 9.45, 0),
Vector3.new(4.35, 9.45, 0),
Vector3.new(5.25, 9.45, 0),
Vector3.new(3, 9.6, 0),
Vector3.new(3.75, 9.6, 0),
Vector3.new(4.35, 9.6, 0),
Vector3.new(5.3999999999999995, 9.6, 0),
Vector3.new(3, 9.75, 0),
Vector3.new(3.75, 9.75, 0),
Vector3.new(4.35, 9.75, 0),
Vector3.new(5.55, 9.75, 0),
Vector3.new(3, 9.9, 0),
Vector3.new(3.75, 9.9, 0),
Vector3.new(4.35, 9.9, 0),
Vector3.new(5.55, 9.9, 0),
Vector3.new(3, 10.049999999999999, 0),
Vector3.new(3.75, 10.049999999999999, 0),
Vector3.new(4.5, 10.049999999999999, 0),
Vector3.new(5.55, 10.049999999999999, 0),
Vector3.new(3, 10.2, 0),
Vector3.new(3.75, 10.2, 0),
Vector3.new(4.6499999999999995, 10.2, 0),
Vector3.new(5.7, 10.2, 0),
Vector3.new(3, 10.35, 0),
Vector3.new(3.75, 10.35, 0),
Vector3.new(4.8, 10.35, 0),
Vector3.new(5.7, 10.35, 0),
Vector3.new(3, 10.5, 0),
Vector3.new(3.75, 10.5, 0),
Vector3.new(4.8, 10.5, 0),
Vector3.new(5.7, 10.5, 0),
Vector3.new(3, 10.65, 0),
Vector3.new(3.75, 10.65, 0),
Vector3.new(4.8, 10.65, 0),
Vector3.new(5.7, 10.65, 0),
Vector3.new(3, 10.799999999999999, 0),
Vector3.new(3.75, 10.799999999999999, 0),
Vector3.new(4.95, 10.799999999999999, 0),
Vector3.new(5.7, 10.799999999999999, 0),
Vector3.new(3, 10.95, 0),
Vector3.new(3.75, 10.95, 0),
Vector3.new(4.95, 10.95, 0),
Vector3.new(5.85, 10.95, 0),
Vector3.new(3, 11.1, 0),
Vector3.new(3.75, 11.1, 0),
Vector3.new(5.1, 11.1, 0),
Vector3.new(5.85, 11.1, 0),
Vector3.new(3, 11.25, 0),
Vector3.new(3.75, 11.25, 0),
Vector3.new(5.1, 11.25, 0),
Vector3.new(5.85, 11.25, 0),
Vector3.new(3, 11.4, 0),
Vector3.new(3.9, 11.4, 0),
Vector3.new(5.25, 11.4, 0),
Vector3.new(5.85, 11.4, 0),
Vector3.new(3, 11.549999999999999, 0),
Vector3.new(3.9, 11.549999999999999, 0),
Vector3.new(5.25, 11.549999999999999, 0),
Vector3.new(5.85, 11.549999999999999, 0),
Vector3.new(3.15, 11.7, 0),
Vector3.new(3.9, 11.7, 0),
Vector3.new(5.25, 11.7, 0),
Vector3.new(6, 11.7, 0),
Vector3.new(3.15, 11.85, 0),
Vector3.new(3.9, 11.85, 0),
Vector3.new(5.3999999999999995, 11.85, 0),
Vector3.new(6, 11.85, 0),
Vector3.new(3.15, 12, 0),
Vector3.new(3.9, 12, 0),
Vector3.new(5.3999999999999995, 12, 0),
Vector3.new(6, 12, 0),
Vector3.new(3.3, 12.15, 0),
Vector3.new(3.9, 12.15, 0),
Vector3.new(5.3999999999999995, 12.15, 0),
Vector3.new(6, 12.15, 0),
Vector3.new(3.3, 12.299999999999999, 0),
Vector3.new(3.9, 12.299999999999999, 0),
Vector3.new(5.55, 12.299999999999999, 0),
Vector3.new(6, 12.299999999999999, 0),
Vector3.new(3.3, 12.45, 0),
Vector3.new(3.9, 12.45, 0),
Vector3.new(5.55, 12.45, 0),
Vector3.new(6.1499999999999995, 12.45, 0),
Vector3.new(3.3, 12.6, 0),
Vector3.new(3.9, 12.6, 0),
Vector3.new(5.7, 12.6, 0),
Vector3.new(6.1499999999999995, 12.6, 0),
Vector3.new(3.4499999999999997, 12.75, 0),
Vector3.new(3.9, 12.75, 0),
Vector3.new(5.7, 12.75, 0),
Vector3.new(6.3, 12.75, 0),
Vector3.new(3.4499999999999997, 12.9, 0),
Vector3.new(4.05, 12.9, 0),
Vector3.new(5.7, 12.9, 0),
Vector3.new(6.3, 12.9, 0),
Vector3.new(3.4499999999999997, 13.049999999999999, 0),
Vector3.new(4.05, 13.049999999999999, 0),
Vector3.new(5.7, 13.049999999999999, 0),
Vector3.new(6.3, 13.049999999999999, 0),
Vector3.new(3.4499999999999997, 13.2, 0),
Vector3.new(4.05, 13.2, 0),
Vector3.new(5.7, 13.2, 0),
Vector3.new(6.45, 13.2, 0),
Vector3.new(3.5999999999999996, 13.35, 0),
Vector3.new(4.2, 13.35, 0),
Vector3.new(5.7, 13.35, 0),
Vector3.new(6.6, 13.35, 0),
Vector3.new(3.5999999999999996, 13.5, 0),
Vector3.new(4.2, 13.5, 0),
Vector3.new(5.7, 13.5, 0),
Vector3.new(6.6, 13.5, 0),
Vector3.new(3.5999999999999996, 13.65, 0),
Vector3.new(4.35, 13.65, 0),
Vector3.new(5.7, 13.65, 0),
Vector3.new(6.6, 13.65, 0),
Vector3.new(3.5999999999999996, 13.799999999999999, 0),
Vector3.new(4.35, 13.799999999999999, 0),
Vector3.new(5.85, 13.799999999999999, 0),
Vector3.new(6.6, 13.799999999999999, 0),
Vector3.new(3.5999999999999996, 13.95, 0),
Vector3.new(4.35, 13.95, 0),
Vector3.new(5.85, 13.95, 0),
Vector3.new(6.45, 13.95, 0),
Vector3.new(3.5999999999999996, 14.1, 0),
Vector3.new(4.35, 14.1, 0),
Vector3.new(6, 14.1, 0),
Vector3.new(6.1499999999999995, 14.1, 0),
Vector3.new(6.3, 14.1, 0),
Vector3.new(3.4499999999999997, 14.25, 0),
Vector3.new(4.2, 14.25, 0),
Vector3.new(3.4499999999999997, 14.399999999999999, 0),
Vector3.new(4.35, 14.399999999999999, 0),
Vector3.new(3.4499999999999997, 14.549999999999999, 0),
Vector3.new(4.35, 14.549999999999999, 0),
Vector3.new(3.4499999999999997, 14.7, 0),
Vector3.new(4.35, 14.7, 0),
Vector3.new(3.4499999999999997, 14.85, 0),
Vector3.new(3.9, 14.85, 0),
Vector3.new(4.05, 14.85, 0),
Vector3.new(4.2, 14.85, 0),
Vector3.new(4.35, 14.85, 0),
Vector3.new(3.4499999999999997, 15, 0),
Vector3.new(3.75, 15, 0)
}
