return {
	Vector3.new(0, 0, 0),
	Vector3.new(3.1987247467041016, -0.017024993896484375, 7.528465270996094),
	Vector3.new(3.261953353881836, 0.1666545867919922, 7.441213607788086),
	Vector3.new(0.08269405364990234, 0.17681503295898438, -0.032932281494140625),
	Vector3.new(0.2518787384033203, 0.42722320556640625, 0.042877197265625),
	Vector3.new(3.334962844848633, 0.382171630859375, 7.336080551147461),
	Vector3.new(3.4178943634033203, 0.62994384765625, 7.212848663330078),
	Vector3.new(3.2655162811279297, 0.9358386993408203, 6.4629669189453125),
	Vector3.new(3.1215152740478516, 1.4255008697509766, 5.4970245361328125),
	Vector3.new(2.679738998413086, 1.7660350799560547, 4.023702621459961),
	Vector3.new(1.8463764190673828, 1.4287662506103516, 2.4997634887695312),
	Vector3.new(1.3842105865478516, 1.0706729888916016, 1.8742561340332031),
	Vector3.new(2.6552467346191406, 0.7894001007080078, 5.218936920166016),
	Vector3.new(2.4816722869873047, 0.7442569732666016, 4.869586944580078),
	Vector3.new(1.0227165222167969, 0.8567123413085938, 1.3006019592285156),
	Vector3.new(1.246622085571289, 0.8107471466064453, 1.8847980499267578),
	Vector3.new(2.226034164428711, 0.5944557189941406, 4.461933135986328),
	Vector3.new(1.6534099578857422, 0.6683521270751953, 3.0236129760742188),
	Vector3.new(0.46855831146240234, 0.6726093292236328, 0.23662567138671875),
	Vector3.new(1.2878494262695312, 1.0741710662841797, 1.6437225341796875),
	Vector3.new(2.4067859649658203, 1.0209617614746094, 4.338962554931641),
	Vector3.new(1.8384876251220703, 0.9573402404785156, 3.087118148803711),
	Vector3.new(1.081106185913086, 0.9012317657470703, 1.3804893493652344),
	Vector3.new(2.662538528442383, 1.9679718017578125, 3.7243289947509766),
	Vector3.new(1.8609066009521484, 2.5751266479492188, 1.0631904602050781),
	Vector3.new(3.188627243041992, 2.9167518615722656, 3.7410144805908203),
	Vector3.new(1.9400577545166016, 2.72796630859375, 1.0527687072753906),
	Vector3.new(2.303071975708008, 1.1611766815185547, 3.9157676696777344),
	Vector3.new(2.0989551544189453, 1.240243911743164, 3.3354415893554688),
	Vector3.new(1.2020854949951172, 1.4712181091308594, 0.9333953857421875),
	Vector3.new(2.21051025390625, 1.987396240234375, 2.6373348236083984),
	Vector3.new(2.648317337036133, 2.760011672973633, 2.672985076904297),
	Vector3.new(2.960172653198242, 3.0034656524658203, 3.0928001403808594),
	Vector3.new(1.8737545013427734, 3.031848907470703, 0.5066566467285156),
	Vector3.new(3.611509323120117, 5.43592643737793, 1.6318473815917969),
	Vector3.new(3.0405941009521484, 4.261659622192383, 1.6676788330078125),
	Vector3.new(5.771684646606445, -0.08482170104980469, -4.252002716064453),
	Vector3.new(2.405803680419922, 1.99591064453125, 3.0852432250976562),
	Vector3.new(3.7898120880126953, 4.151817321777344, 3.5661678314208984),
	Vector3.new(1.7389507293701172, -0.08482170104980469, -1.54925537109375),
	Vector3.new(4.154436111450195, 3.0085220336914062, -0.3326911926269531),
	Vector3.new(5.587587356567383, 2.4205989837646484, -0.8429183959960938),
	Vector3.new(6.913143157958984, 4.059335708618164, -0.7228889465332031),
	Vector3.new(6.263650894165039, 1.6562347412109375, -1.2153816223144531),
	Vector3.new(4.48493766784668, 3.3373641967773438, -0.324249267578125),
	Vector3.new(3.946014404296875, 1.6162757873535156, -0.659332275390625),
	Vector3.new(9.332788467407227, 0.18567848205566406, -2.3672943115234375),
	Vector3.new(2.8072586059570312, 2.8792171478271484, -0.03754425048828125),
	Vector3.new(2.508251190185547, 2.026449203491211, -0.1956024169921875),
	Vector3.new(4.575092315673828, -0.08482170104980469, -3.457164764404297),
	Vector3.new(1.7024307250976562, -0.08482170104980469, -2.622211456298828),
	Vector3.new(7.02448844909668, -0.08482170104980469, -7.973850250244141),
	Vector3.new(-5.41077995300293, -0.08482170104980469, 1.101593017578125),
	Vector3.new(39.567237854003906, -0.08482170104980469, -0.3839912414550781),
	Vector3.new(17.68214988708496, -0.08482170104980469, 42.22232437133789),
	Vector3.new(8.905797958374023, -0.08482170104980469, -4.7220001220703125),
	Vector3.new(2.901174545288086, -0.08482170104980469, -1.616943359375),
	Vector3.new(6.443376541137695, 5.66368293762207, -0.2592811584472656),
	Vector3.new(4.686803817749023, 3.6359100341796875, -0.29256439208984375),
	Vector3.new(5.092662811279297, 3.1038761138916016, -0.5363121032714844),
	Vector3.new(8.043264389038086, 0.9024276733398438, -1.8564338684082031),
	Vector3.new(7.2103729248046875, 4.470640182495117, -0.6840324401855469),
	Vector3.new(4.784231185913086, 2.9399337768554688, -0.5053787231445312),
	Vector3.new(5.22935676574707, 3.876070022583008, -0.360076904296875),
	Vector3.new(3.1890392303466797, 1.958059310913086, 4.972354888916016),
	Vector3.new(2.3604965209960938, 1.4231891632080078, -0.3230438232421875),
	Vector3.new(2.043996810913086, 1.5307178497314453, -0.21628570556640625),
	Vector3.new(3.6491641998291016, 4.14769172668457, 0.1002349853515625),
	Vector3.new(2.9852657318115234, 3.495584487915039, 2.5192718505859375),
	Vector3.new(2.801664352416992, 3.5456104278564453, 0.14461517333984375),
	Vector3.new(2.265329360961914, 2.8933353424072266, 0.09913253784179688),
	Vector3.new(2.0319576263427734, 2.540414810180664, 0.0605926513671875),
	Vector3.new(4.23802375793457, 4.851877212524414, 3.719514846801758),
	Vector3.new(2.3050594329833984, 1.751302719116211, 3.1629161834716797),
	Vector3.new(4.16041374206543, 3.8825435638427734, 4.782989501953125),
	Vector3.new(2.149686813354492, 0.5294780731201172, 4.366142272949219),
	Vector3.new(3.9883174896240234, 2.6475048065185547, 5.963352203369141),
	Vector3.new(2.099733352661133, 0.17850112915039062, 4.699131011962891)
}
