return {
  Vector3.new(12.000000, 0.000000, 0),
  Vector3.new(11.707107, 7.707107, 0),
  Vector3.new(10.707107, 10.707107, 0),
  Vector3.new(7.707107, 11.707107, 0),
  Vector3.new(0.000000, 12.000000, 0),
  Vector3.new(-7.707107, 11.707107, 0),
  Vector3.new(-10.707107, 10.707107, 0),
  Vector3.new(-11.707107, 7.707107, 0),
  Vector3.new(-12.000000, 0.000000, 0),
  Vector3.new(-11.707107, -7.707107, 0),
  Vector3.new(-10.707107, -10.707107, 0),
  Vector3.new(-7.707107, -11.707107, 0),
  Vector3.new(0.000000, -12.000000, 0),
  Vector3.new(7.707107, -11.707107, 0),
  Vector3.new(10.707107, -10.707107, 0),
  Vector3.new(11.707107, -7.707107, 0),
  Vector3.new(12.000000, 0.000000, 0)
}
