return {
    Vector3.new(0.450000, 0.000000, 0),
    Vector3.new(0.471429, 0.000000, 0),
    Vector3.new(0.492857, 0.000000, 0),
    Vector3.new(0.578571, 0.000000, 0),
    Vector3.new(0.600000, 0.000000, 0),
    Vector3.new(0.621429, 0.000000, 0),
    Vector3.new(0.450000, 0.011538, 0),
    Vector3.new(0.471429, 0.011538, 0),
    Vector3.new(0.492857, 0.011538, 0),
    Vector3.new(0.578571, 0.011538, 0),
    Vector3.new(0.600000, 0.011538, 0),
    Vector3.new(0.621429, 0.011538, 0),
    Vector3.new(0.450000, 0.023077, 0),
    Vector3.new(0.471429, 0.023077, 0),
    Vector3.new(0.492857, 0.023077, 0),
    Vector3.new(0.578571, 0.023077, 0),
    Vector3.new(0.600000, 0.023077, 0),
    Vector3.new(0.621429, 0.023077, 0),
    Vector3.new(0.450000, 0.034615, 0),
    Vector3.new(0.471429, 0.034615, 0),
    Vector3.new(0.492857, 0.034615, 0),
    Vector3.new(0.578571, 0.034615, 0),
    Vector3.new(0.600000, 0.034615, 0),
    Vector3.new(0.621429, 0.034615, 0),
    Vector3.new(0.364286, 0.046154, 0),
    Vector3.new(0.385714, 0.046154, 0),
    Vector3.new(0.407143, 0.046154, 0),
    Vector3.new(0.428571, 0.046154, 0),
    Vector3.new(0.642857, 0.046154, 0),
    Vector3.new(0.664286, 0.046154, 0),
    Vector3.new(0.685714, 0.046154, 0),
    Vector3.new(0.707143, 0.046154, 0),
    Vector3.new(0.364286, 0.057692, 0),
    Vector3.new(0.385714, 0.057692, 0),
    Vector3.new(0.407143, 0.057692, 0),
    Vector3.new(0.428571, 0.057692, 0),
    Vector3.new(0.642857, 0.057692, 0),
    Vector3.new(0.664286, 0.057692, 0),
    Vector3.new(0.685714, 0.057692, 0),
    Vector3.new(0.707143, 0.057692, 0),
    Vector3.new(0.364286, 0.069231, 0),
    Vector3.new(0.385714, 0.069231, 0),
    Vector3.new(0.407143, 0.069231, 0),
    Vector3.new(0.428571, 0.069231, 0),
    Vector3.new(0.642857, 0.069231, 0),
    Vector3.new(0.664286, 0.069231, 0),
    Vector3.new(0.685714, 0.069231, 0),
    Vector3.new(0.707143, 0.069231, 0),
    Vector3.new(0.364286, 0.080769, 0),
    Vector3.new(0.385714, 0.080769, 0),
    Vector3.new(0.407143, 0.080769, 0),
    Vector3.new(0.428571, 0.080769, 0),
    Vector3.new(0.642857, 0.080769, 0),
    Vector3.new(0.664286, 0.080769, 0),
    Vector3.new(0.685714, 0.080769, 0),
    Vector3.new(0.707143, 0.080769, 0),
    Vector3.new(0.364286, 0.092308, 0),
    Vector3.new(0.385714, 0.092308, 0),
    Vector3.new(0.407143, 0.092308, 0),
    Vector3.new(0.428571, 0.092308, 0),
    Vector3.new(0.642857, 0.092308, 0),
    Vector3.new(0.664286, 0.092308, 0),
    Vector3.new(0.685714, 0.092308, 0),
    Vector3.new(0.707143, 0.092308, 0),
    Vector3.new(0.364286, 0.103846, 0),
    Vector3.new(0.385714, 0.103846, 0),
    Vector3.new(0.407143, 0.103846, 0),
    Vector3.new(0.428571, 0.103846, 0),
    Vector3.new(0.642857, 0.103846, 0),
    Vector3.new(0.664286, 0.103846, 0),
    Vector3.new(0.685714, 0.103846, 0),
    Vector3.new(0.707143, 0.103846, 0),
    Vector3.new(0.364286, 0.115385, 0),
    Vector3.new(0.385714, 0.115385, 0),
    Vector3.new(0.407143, 0.115385, 0),
    Vector3.new(0.428571, 0.115385, 0),
    Vector3.new(0.642857, 0.115385, 0),
    Vector3.new(0.664286, 0.115385, 0),
    Vector3.new(0.685714, 0.115385, 0),
    Vector3.new(0.707143, 0.115385, 0),
    Vector3.new(0.300000, 0.126923, 0),
    Vector3.new(0.321429, 0.126923, 0),
    Vector3.new(0.342857, 0.126923, 0),
    Vector3.new(0.642857, 0.126923, 0),
    Vector3.new(0.664286, 0.126923, 0),
    Vector3.new(0.685714, 0.126923, 0),
    Vector3.new(0.707143, 0.126923, 0),
    Vector3.new(0.300000, 0.138462, 0),
    Vector3.new(0.321429, 0.138462, 0),
    Vector3.new(0.342857, 0.138462, 0),
    Vector3.new(0.642857, 0.138462, 0),
    Vector3.new(0.664286, 0.138462, 0),
    Vector3.new(0.685714, 0.138462, 0),
    Vector3.new(0.707143, 0.138462, 0),
    Vector3.new(0.300000, 0.150000, 0),
    Vector3.new(0.321429, 0.150000, 0),
    Vector3.new(0.342857, 0.150000, 0),
    Vector3.new(0.642857, 0.150000, 0),
    Vector3.new(0.664286, 0.150000, 0),
    Vector3.new(0.685714, 0.150000, 0),
    Vector3.new(0.707143, 0.150000, 0),
    Vector3.new(0.364286, 0.161538, 0),
    Vector3.new(0.385714, 0.161538, 0),
    Vector3.new(0.407143, 0.161538, 0),
    Vector3.new(0.428571, 0.161538, 0),
    Vector3.new(0.642857, 0.161538, 0),
    Vector3.new(0.664286, 0.161538, 0),
    Vector3.new(0.685714, 0.161538, 0),
    Vector3.new(0.707143, 0.161538, 0),
    Vector3.new(0.364286, 0.173077, 0),
    Vector3.new(0.385714, 0.173077, 0),
    Vector3.new(0.407143, 0.173077, 0),
    Vector3.new(0.428571, 0.173077, 0),
    Vector3.new(0.642857, 0.173077, 0),
    Vector3.new(0.664286, 0.173077, 0),
    Vector3.new(0.685714, 0.173077, 0),
    Vector3.new(0.707143, 0.173077, 0),
    Vector3.new(0.364286, 0.184615, 0),
    Vector3.new(0.385714, 0.184615, 0),
    Vector3.new(0.407143, 0.184615, 0),
    Vector3.new(0.428571, 0.184615, 0),
    Vector3.new(0.642857, 0.184615, 0),
    Vector3.new(0.664286, 0.184615, 0),
    Vector3.new(0.685714, 0.184615, 0),
    Vector3.new(0.707143, 0.184615, 0),
    Vector3.new(0.364286, 0.196154, 0),
    Vector3.new(0.385714, 0.196154, 0),
    Vector3.new(0.407143, 0.196154, 0),
    Vector3.new(0.428571, 0.196154, 0),
    Vector3.new(0.642857, 0.196154, 0),
    Vector3.new(0.664286, 0.196154, 0),
    Vector3.new(0.685714, 0.196154, 0),
    Vector3.new(0.707143, 0.196154, 0),
    Vector3.new(0.364286, 0.207692, 0),
    Vector3.new(0.385714, 0.207692, 0),
    Vector3.new(0.407143, 0.207692, 0),
    Vector3.new(0.428571, 0.207692, 0),
    Vector3.new(0.642857, 0.207692, 0),
    Vector3.new(0.664286, 0.207692, 0),
    Vector3.new(0.685714, 0.207692, 0),
    Vector3.new(0.707143, 0.207692, 0),
    Vector3.new(0.364286, 0.219231, 0),
    Vector3.new(0.385714, 0.219231, 0),
    Vector3.new(0.407143, 0.219231, 0),
    Vector3.new(0.428571, 0.219231, 0),
    Vector3.new(0.642857, 0.219231, 0),
    Vector3.new(0.664286, 0.219231, 0),
    Vector3.new(0.685714, 0.219231, 0),
    Vector3.new(0.707143, 0.219231, 0),
    Vector3.new(0.364286, 0.230769, 0),
    Vector3.new(0.385714, 0.230769, 0),
    Vector3.new(0.407143, 0.230769, 0),
    Vector3.new(0.428571, 0.230769, 0),
    Vector3.new(0.642857, 0.230769, 0),
    Vector3.new(0.664286, 0.230769, 0),
    Vector3.new(0.685714, 0.230769, 0),
    Vector3.new(0.707143, 0.230769, 0),
    Vector3.new(0.300000, 0.242308, 0),
    Vector3.new(0.321429, 0.242308, 0),
    Vector3.new(0.342857, 0.242308, 0),
    Vector3.new(0.642857, 0.242308, 0),
    Vector3.new(0.664286, 0.242308, 0),
    Vector3.new(0.685714, 0.242308, 0),
    Vector3.new(0.707143, 0.242308, 0),
    Vector3.new(0.300000, 0.253846, 0),
    Vector3.new(0.321429, 0.253846, 0),
    Vector3.new(0.342857, 0.253846, 0),
    Vector3.new(0.642857, 0.253846, 0),
    Vector3.new(0.664286, 0.253846, 0),
    Vector3.new(0.685714, 0.253846, 0),
    Vector3.new(0.707143, 0.253846, 0),
    Vector3.new(0.300000, 0.265385, 0),
    Vector3.new(0.321429, 0.265385, 0),
    Vector3.new(0.342857, 0.265385, 0),
    Vector3.new(0.642857, 0.265385, 0),
    Vector3.new(0.664286, 0.265385, 0),
    Vector3.new(0.685714, 0.265385, 0),
    Vector3.new(0.707143, 0.265385, 0),
    Vector3.new(0.300000, 0.276923, 0),
    Vector3.new(0.321429, 0.276923, 0),
    Vector3.new(0.342857, 0.276923, 0),
    Vector3.new(0.728571, 0.276923, 0),
    Vector3.new(0.750000, 0.276923, 0),
    Vector3.new(0.771429, 0.276923, 0),
    Vector3.new(0.300000, 0.288462, 0),
    Vector3.new(0.321429, 0.288462, 0),
    Vector3.new(0.342857, 0.288462, 0),
    Vector3.new(0.728571, 0.288462, 0),
    Vector3.new(0.750000, 0.288462, 0),
    Vector3.new(0.771429, 0.288462, 0),
    Vector3.new(0.300000, 0.300000, 0),
    Vector3.new(0.321429, 0.300000, 0),
    Vector3.new(0.342857, 0.300000, 0),
    Vector3.new(0.728571, 0.300000, 0),
    Vector3.new(0.750000, 0.300000, 0),
    Vector3.new(0.771429, 0.300000, 0),
    Vector3.new(0.235714, 0.311538, 0),
    Vector3.new(0.257143, 0.311538, 0),
    Vector3.new(0.278571, 0.311538, 0),
    Vector3.new(0.642857, 0.311538, 0),
    Vector3.new(0.664286, 0.311538, 0),
    Vector3.new(0.685714, 0.311538, 0),
    Vector3.new(0.707143, 0.311538, 0),
    Vector3.new(0.728571, 0.311538, 0),
    Vector3.new(0.750000, 0.311538, 0),
    Vector3.new(0.771429, 0.311538, 0),
    Vector3.new(0.235714, 0.323077, 0),
    Vector3.new(0.257143, 0.323077, 0),
    Vector3.new(0.278571, 0.323077, 0),
    Vector3.new(0.642857, 0.323077, 0),
    Vector3.new(0.664286, 0.323077, 0),
    Vector3.new(0.685714, 0.323077, 0),
    Vector3.new(0.707143, 0.323077, 0),
    Vector3.new(0.728571, 0.323077, 0),
    Vector3.new(0.750000, 0.323077, 0),
    Vector3.new(0.771429, 0.323077, 0),
    Vector3.new(0.235714, 0.334615, 0),
    Vector3.new(0.257143, 0.334615, 0),
    Vector3.new(0.278571, 0.334615, 0),
    Vector3.new(0.642857, 0.334615, 0),
    Vector3.new(0.664286, 0.334615, 0),
    Vector3.new(0.685714, 0.334615, 0),
    Vector3.new(0.707143, 0.334615, 0),
    Vector3.new(0.728571, 0.334615, 0),
    Vector3.new(0.750000, 0.334615, 0),
    Vector3.new(0.771429, 0.334615, 0),
    Vector3.new(0.150000, 0.346154, 0),
    Vector3.new(0.171429, 0.346154, 0),
    Vector3.new(0.192857, 0.346154, 0),
    Vector3.new(0.214286, 0.346154, 0),
    Vector3.new(0.578571, 0.346154, 0),
    Vector3.new(0.600000, 0.346154, 0),
    Vector3.new(0.621429, 0.346154, 0),
    Vector3.new(0.728571, 0.346154, 0),
    Vector3.new(0.750000, 0.346154, 0),
    Vector3.new(0.771429, 0.346154, 0),
    Vector3.new(0.792857, 0.346154, 0),
    Vector3.new(0.814286, 0.346154, 0),
    Vector3.new(0.835714, 0.346154, 0),
    Vector3.new(0.150000, 0.357692, 0),
    Vector3.new(0.171429, 0.357692, 0),
    Vector3.new(0.192857, 0.357692, 0),
    Vector3.new(0.214286, 0.357692, 0),
    Vector3.new(0.578571, 0.357692, 0),
    Vector3.new(0.600000, 0.357692, 0),
    Vector3.new(0.621429, 0.357692, 0),
    Vector3.new(0.728571, 0.357692, 0),
    Vector3.new(0.750000, 0.357692, 0),
    Vector3.new(0.771429, 0.357692, 0),
    Vector3.new(0.792857, 0.357692, 0),
    Vector3.new(0.814286, 0.357692, 0),
    Vector3.new(0.835714, 0.357692, 0),
    Vector3.new(0.150000, 0.369231, 0),
    Vector3.new(0.171429, 0.369231, 0),
    Vector3.new(0.192857, 0.369231, 0),
    Vector3.new(0.214286, 0.369231, 0),
    Vector3.new(0.578571, 0.369231, 0),
    Vector3.new(0.600000, 0.369231, 0),
    Vector3.new(0.621429, 0.369231, 0),
    Vector3.new(0.728571, 0.369231, 0),
    Vector3.new(0.750000, 0.369231, 0),
    Vector3.new(0.771429, 0.369231, 0),
    Vector3.new(0.792857, 0.369231, 0),
    Vector3.new(0.814286, 0.369231, 0),
    Vector3.new(0.835714, 0.369231, 0),
    Vector3.new(0.150000, 0.380769, 0),
    Vector3.new(0.171429, 0.380769, 0),
    Vector3.new(0.192857, 0.380769, 0),
    Vector3.new(0.214286, 0.380769, 0),
    Vector3.new(0.578571, 0.380769, 0),
    Vector3.new(0.600000, 0.380769, 0),
    Vector3.new(0.621429, 0.380769, 0),
    Vector3.new(0.728571, 0.380769, 0),
    Vector3.new(0.750000, 0.380769, 0),
    Vector3.new(0.771429, 0.380769, 0),
    Vector3.new(0.792857, 0.380769, 0),
    Vector3.new(0.814286, 0.380769, 0),
    Vector3.new(0.835714, 0.380769, 0),
    Vector3.new(0.085714, 0.392308, 0),
    Vector3.new(0.107143, 0.392308, 0),
    Vector3.new(0.128571, 0.392308, 0),
    Vector3.new(0.642857, 0.392308, 0),
    Vector3.new(0.664286, 0.392308, 0),
    Vector3.new(0.685714, 0.392308, 0),
    Vector3.new(0.707143, 0.392308, 0),
    Vector3.new(0.857143, 0.392308, 0),
    Vector3.new(0.878571, 0.392308, 0),
    Vector3.new(0.900000, 0.392308, 0),
    Vector3.new(0.921429, 0.392308, 0),
    Vector3.new(0.085714, 0.403846, 0),
    Vector3.new(0.107143, 0.403846, 0),
    Vector3.new(0.128571, 0.403846, 0),
    Vector3.new(0.642857, 0.403846, 0),
    Vector3.new(0.664286, 0.403846, 0),
    Vector3.new(0.685714, 0.403846, 0),
    Vector3.new(0.707143, 0.403846, 0),
    Vector3.new(0.857143, 0.403846, 0),
    Vector3.new(0.878571, 0.403846, 0),
    Vector3.new(0.900000, 0.403846, 0),
    Vector3.new(0.921429, 0.403846, 0),
    Vector3.new(0.085714, 0.415385, 0),
    Vector3.new(0.107143, 0.415385, 0),
    Vector3.new(0.128571, 0.415385, 0),
    Vector3.new(0.642857, 0.415385, 0),
    Vector3.new(0.664286, 0.415385, 0),
    Vector3.new(0.685714, 0.415385, 0),
    Vector3.new(0.707143, 0.415385, 0),
    Vector3.new(0.857143, 0.415385, 0),
    Vector3.new(0.878571, 0.415385, 0),
    Vector3.new(0.900000, 0.415385, 0),
    Vector3.new(0.921429, 0.415385, 0),
    Vector3.new(0.085714, 0.426923, 0),
    Vector3.new(0.107143, 0.426923, 0),
    Vector3.new(0.128571, 0.426923, 0),
    Vector3.new(0.150000, 0.426923, 0),
    Vector3.new(0.171429, 0.426923, 0),
    Vector3.new(0.192857, 0.426923, 0),
    Vector3.new(0.214286, 0.426923, 0),
    Vector3.new(0.792857, 0.426923, 0),
    Vector3.new(0.814286, 0.426923, 0),
    Vector3.new(0.835714, 0.426923, 0),
    Vector3.new(0.857143, 0.426923, 0),
    Vector3.new(0.878571, 0.426923, 0),
    Vector3.new(0.900000, 0.426923, 0),
    Vector3.new(0.921429, 0.426923, 0),
    Vector3.new(0.085714, 0.438462, 0),
    Vector3.new(0.107143, 0.438462, 0),
    Vector3.new(0.128571, 0.438462, 0),
    Vector3.new(0.150000, 0.438462, 0),
    Vector3.new(0.171429, 0.438462, 0),
    Vector3.new(0.192857, 0.438462, 0),
    Vector3.new(0.214286, 0.438462, 0),
    Vector3.new(0.792857, 0.438462, 0),
    Vector3.new(0.814286, 0.438462, 0),
    Vector3.new(0.835714, 0.438462, 0),
    Vector3.new(0.857143, 0.438462, 0),
    Vector3.new(0.878571, 0.438462, 0),
    Vector3.new(0.900000, 0.438462, 0),
    Vector3.new(0.921429, 0.438462, 0),
    Vector3.new(0.085714, 0.450000, 0),
    Vector3.new(0.107143, 0.450000, 0),
    Vector3.new(0.128571, 0.450000, 0),
    Vector3.new(0.150000, 0.450000, 0),
    Vector3.new(0.171429, 0.450000, 0),
    Vector3.new(0.192857, 0.450000, 0),
    Vector3.new(0.214286, 0.450000, 0),
    Vector3.new(0.792857, 0.450000, 0),
    Vector3.new(0.814286, 0.450000, 0),
    Vector3.new(0.835714, 0.450000, 0),
    Vector3.new(0.857143, 0.450000, 0),
    Vector3.new(0.878571, 0.450000, 0),
    Vector3.new(0.900000, 0.450000, 0),
    Vector3.new(0.921429, 0.450000, 0),
    Vector3.new(0.235714, 0.461538, 0),
    Vector3.new(0.257143, 0.461538, 0),
    Vector3.new(0.278571, 0.461538, 0),
    Vector3.new(0.728571, 0.461538, 0),
    Vector3.new(0.750000, 0.461538, 0),
    Vector3.new(0.771429, 0.461538, 0),
    Vector3.new(0.235714, 0.473077, 0),
    Vector3.new(0.257143, 0.473077, 0),
    Vector3.new(0.278571, 0.473077, 0),
    Vector3.new(0.728571, 0.473077, 0),
    Vector3.new(0.750000, 0.473077, 0),
    Vector3.new(0.771429, 0.473077, 0),
    Vector3.new(0.235714, 0.484615, 0),
    Vector3.new(0.257143, 0.484615, 0),
    Vector3.new(0.278571, 0.484615, 0),
    Vector3.new(0.728571, 0.484615, 0),
    Vector3.new(0.750000, 0.484615, 0),
    Vector3.new(0.771429, 0.484615, 0),
    Vector3.new(0.235714, 0.496154, 0),
    Vector3.new(0.257143, 0.496154, 0),
    Vector3.new(0.278571, 0.496154, 0),
    Vector3.new(0.728571, 0.496154, 0),
    Vector3.new(0.750000, 0.496154, 0),
    Vector3.new(0.771429, 0.496154, 0),
    Vector3.new(0.300000, 0.507692, 0),
    Vector3.new(0.321429, 0.507692, 0),
    Vector3.new(0.342857, 0.507692, 0),
    Vector3.new(0.642857, 0.507692, 0),
    Vector3.new(0.664286, 0.507692, 0),
    Vector3.new(0.685714, 0.507692, 0),
    Vector3.new(0.707143, 0.507692, 0),
    Vector3.new(0.300000, 0.519231, 0),
    Vector3.new(0.321429, 0.519231, 0),
    Vector3.new(0.342857, 0.519231, 0),
    Vector3.new(0.642857, 0.519231, 0),
    Vector3.new(0.664286, 0.519231, 0),
    Vector3.new(0.685714, 0.519231, 0),
    Vector3.new(0.707143, 0.519231, 0),
    Vector3.new(0.300000, 0.530769, 0),
    Vector3.new(0.321429, 0.530769, 0),
    Vector3.new(0.342857, 0.530769, 0),
    Vector3.new(0.642857, 0.530769, 0),
    Vector3.new(0.664286, 0.530769, 0),
    Vector3.new(0.685714, 0.530769, 0),
    Vector3.new(0.707143, 0.530769, 0),
    Vector3.new(0.300000, 0.542308, 0),
    Vector3.new(0.321429, 0.542308, 0),
    Vector3.new(0.342857, 0.542308, 0),
    Vector3.new(0.578571, 0.542308, 0),
    Vector3.new(0.600000, 0.542308, 0),
    Vector3.new(0.621429, 0.542308, 0),
    Vector3.new(0.300000, 0.553846, 0),
    Vector3.new(0.321429, 0.553846, 0),
    Vector3.new(0.342857, 0.553846, 0),
    Vector3.new(0.578571, 0.553846, 0),
    Vector3.new(0.600000, 0.553846, 0),
    Vector3.new(0.621429, 0.553846, 0),
    Vector3.new(0.300000, 0.565385, 0),
    Vector3.new(0.321429, 0.565385, 0),
    Vector3.new(0.342857, 0.565385, 0),
    Vector3.new(0.578571, 0.565385, 0),
    Vector3.new(0.600000, 0.565385, 0),
    Vector3.new(0.621429, 0.565385, 0),
    Vector3.new(0.300000, 0.576923, 0),
    Vector3.new(0.321429, 0.576923, 0),
    Vector3.new(0.342857, 0.576923, 0),
    Vector3.new(0.578571, 0.576923, 0),
    Vector3.new(0.600000, 0.576923, 0),
    Vector3.new(0.621429, 0.576923, 0),
    Vector3.new(0.300000, 0.588462, 0),
    Vector3.new(0.321429, 0.588462, 0),
    Vector3.new(0.342857, 0.588462, 0),
    Vector3.new(0.578571, 0.588462, 0),
    Vector3.new(0.600000, 0.588462, 0),
    Vector3.new(0.621429, 0.588462, 0),
    Vector3.new(0.300000, 0.600000, 0),
    Vector3.new(0.321429, 0.600000, 0),
    Vector3.new(0.342857, 0.600000, 0),
    Vector3.new(0.578571, 0.600000, 0),
    Vector3.new(0.600000, 0.600000, 0),
    Vector3.new(0.621429, 0.600000, 0),
    Vector3.new(0.300000, 0.611538, 0),
    Vector3.new(0.321429, 0.611538, 0),
    Vector3.new(0.342857, 0.611538, 0),
    Vector3.new(0.578571, 0.611538, 0),
    Vector3.new(0.600000, 0.611538, 0),
    Vector3.new(0.621429, 0.611538, 0),
    Vector3.new(0.364286, 0.623077, 0),
    Vector3.new(0.385714, 0.623077, 0),
    Vector3.new(0.407143, 0.623077, 0),
    Vector3.new(0.428571, 0.623077, 0),
    Vector3.new(0.642857, 0.623077, 0),
    Vector3.new(0.664286, 0.623077, 0),
    Vector3.new(0.685714, 0.623077, 0),
    Vector3.new(0.707143, 0.623077, 0),
    Vector3.new(0.364286, 0.634615, 0),
    Vector3.new(0.385714, 0.634615, 0),
    Vector3.new(0.407143, 0.634615, 0),
    Vector3.new(0.428571, 0.634615, 0),
    Vector3.new(0.642857, 0.634615, 0),
    Vector3.new(0.664286, 0.634615, 0),
    Vector3.new(0.685714, 0.634615, 0),
    Vector3.new(0.707143, 0.634615, 0),
    Vector3.new(0.364286, 0.646154, 0),
    Vector3.new(0.385714, 0.646154, 0),
    Vector3.new(0.407143, 0.646154, 0),
    Vector3.new(0.428571, 0.646154, 0),
    Vector3.new(0.642857, 0.646154, 0),
    Vector3.new(0.664286, 0.646154, 0),
    Vector3.new(0.685714, 0.646154, 0),
    Vector3.new(0.707143, 0.646154, 0),
    Vector3.new(0.364286, 0.657692, 0),
    Vector3.new(0.385714, 0.657692, 0),
    Vector3.new(0.407143, 0.657692, 0),
    Vector3.new(0.428571, 0.657692, 0),
    Vector3.new(0.514286, 0.657692, 0),
    Vector3.new(0.535714, 0.657692, 0),
    Vector3.new(0.557143, 0.657692, 0),
    Vector3.new(0.642857, 0.657692, 0),
    Vector3.new(0.664286, 0.657692, 0),
    Vector3.new(0.685714, 0.657692, 0),
    Vector3.new(0.707143, 0.657692, 0),
    Vector3.new(0.364286, 0.669231, 0),
    Vector3.new(0.385714, 0.669231, 0),
    Vector3.new(0.407143, 0.669231, 0),
    Vector3.new(0.428571, 0.669231, 0),
    Vector3.new(0.514286, 0.669231, 0),
    Vector3.new(0.535714, 0.669231, 0),
    Vector3.new(0.557143, 0.669231, 0),
    Vector3.new(0.642857, 0.669231, 0),
    Vector3.new(0.664286, 0.669231, 0),
    Vector3.new(0.685714, 0.669231, 0),
    Vector3.new(0.707143, 0.669231, 0),
    Vector3.new(0.364286, 0.680769, 0),
    Vector3.new(0.385714, 0.680769, 0),
    Vector3.new(0.407143, 0.680769, 0),
    Vector3.new(0.428571, 0.680769, 0),
    Vector3.new(0.514286, 0.680769, 0),
    Vector3.new(0.535714, 0.680769, 0),
    Vector3.new(0.557143, 0.680769, 0),
    Vector3.new(0.642857, 0.680769, 0),
    Vector3.new(0.664286, 0.680769, 0),
    Vector3.new(0.685714, 0.680769, 0),
    Vector3.new(0.707143, 0.680769, 0),
    Vector3.new(0.364286, 0.692308, 0),
    Vector3.new(0.385714, 0.692308, 0),
    Vector3.new(0.407143, 0.692308, 0),
    Vector3.new(0.428571, 0.692308, 0),
    Vector3.new(0.450000, 0.692308, 0),
    Vector3.new(0.471429, 0.692308, 0),
    Vector3.new(0.492857, 0.692308, 0),
    Vector3.new(0.578571, 0.692308, 0),
    Vector3.new(0.600000, 0.692308, 0),
    Vector3.new(0.621429, 0.692308, 0),
    Vector3.new(0.642857, 0.692308, 0),
    Vector3.new(0.664286, 0.692308, 0),
    Vector3.new(0.685714, 0.692308, 0),
    Vector3.new(0.707143, 0.692308, 0),
    Vector3.new(0.364286, 0.703846, 0),
    Vector3.new(0.385714, 0.703846, 0),
    Vector3.new(0.407143, 0.703846, 0),
    Vector3.new(0.428571, 0.703846, 0),
    Vector3.new(0.450000, 0.703846, 0),
    Vector3.new(0.471429, 0.703846, 0),
    Vector3.new(0.492857, 0.703846, 0),
    Vector3.new(0.578571, 0.703846, 0),
    Vector3.new(0.600000, 0.703846, 0),
    Vector3.new(0.621429, 0.703846, 0),
    Vector3.new(0.642857, 0.703846, 0),
    Vector3.new(0.664286, 0.703846, 0),
    Vector3.new(0.685714, 0.703846, 0),
    Vector3.new(0.707143, 0.703846, 0),
    Vector3.new(0.364286, 0.715385, 0),
    Vector3.new(0.385714, 0.715385, 0),
    Vector3.new(0.407143, 0.715385, 0),
    Vector3.new(0.428571, 0.715385, 0),
    Vector3.new(0.450000, 0.715385, 0),
    Vector3.new(0.471429, 0.715385, 0),
    Vector3.new(0.492857, 0.715385, 0),
    Vector3.new(0.578571, 0.715385, 0),
    Vector3.new(0.600000, 0.715385, 0),
    Vector3.new(0.621429, 0.715385, 0),
    Vector3.new(0.642857, 0.715385, 0),
    Vector3.new(0.664286, 0.715385, 0),
    Vector3.new(0.685714, 0.715385, 0),
    Vector3.new(0.707143, 0.715385, 0),
    Vector3.new(0.364286, 0.726923, 0),
    Vector3.new(0.385714, 0.726923, 0),
    Vector3.new(0.407143, 0.726923, 0),
    Vector3.new(0.428571, 0.726923, 0),
    Vector3.new(0.450000, 0.726923, 0),
    Vector3.new(0.471429, 0.726923, 0),
    Vector3.new(0.492857, 0.726923, 0),
    Vector3.new(0.578571, 0.726923, 0),
    Vector3.new(0.600000, 0.726923, 0),
    Vector3.new(0.621429, 0.726923, 0),
    Vector3.new(0.642857, 0.726923, 0),
    Vector3.new(0.664286, 0.726923, 0),
    Vector3.new(0.685714, 0.726923, 0),
    Vector3.new(0.707143, 0.726923, 0),
    Vector3.new(0.364286, 0.738462, 0),
    Vector3.new(0.385714, 0.738462, 0),
    Vector3.new(0.407143, 0.738462, 0),
    Vector3.new(0.428571, 0.738462, 0),
    Vector3.new(0.450000, 0.738462, 0),
    Vector3.new(0.471429, 0.738462, 0),
    Vector3.new(0.492857, 0.738462, 0),
    Vector3.new(0.578571, 0.738462, 0),
    Vector3.new(0.600000, 0.738462, 0),
    Vector3.new(0.621429, 0.738462, 0),
    Vector3.new(0.642857, 0.738462, 0),
    Vector3.new(0.664286, 0.738462, 0),
    Vector3.new(0.685714, 0.738462, 0),
    Vector3.new(0.707143, 0.738462, 0),
    Vector3.new(0.364286, 0.750000, 0),
    Vector3.new(0.385714, 0.750000, 0),
    Vector3.new(0.407143, 0.750000, 0),
    Vector3.new(0.428571, 0.750000, 0),
    Vector3.new(0.450000, 0.750000, 0),
    Vector3.new(0.471429, 0.750000, 0),
    Vector3.new(0.492857, 0.750000, 0),
    Vector3.new(0.578571, 0.750000, 0),
    Vector3.new(0.600000, 0.750000, 0),
    Vector3.new(0.621429, 0.750000, 0),
    Vector3.new(0.642857, 0.750000, 0),
    Vector3.new(0.664286, 0.750000, 0),
    Vector3.new(0.685714, 0.750000, 0),
    Vector3.new(0.707143, 0.750000, 0),
    Vector3.new(0.364286, 0.761538, 0),
    Vector3.new(0.385714, 0.761538, 0),
    Vector3.new(0.407143, 0.761538, 0),
    Vector3.new(0.428571, 0.761538, 0),
    Vector3.new(0.450000, 0.761538, 0),
    Vector3.new(0.471429, 0.761538, 0),
    Vector3.new(0.492857, 0.761538, 0),
    Vector3.new(0.578571, 0.761538, 0),
    Vector3.new(0.600000, 0.761538, 0),
    Vector3.new(0.621429, 0.761538, 0),
    Vector3.new(0.642857, 0.761538, 0),
    Vector3.new(0.664286, 0.761538, 0),
    Vector3.new(0.685714, 0.761538, 0),
    Vector3.new(0.707143, 0.761538, 0),
    Vector3.new(0.364286, 0.773077, 0),
    Vector3.new(0.385714, 0.773077, 0),
    Vector3.new(0.407143, 0.773077, 0),
    Vector3.new(0.428571, 0.773077, 0),
    Vector3.new(0.450000, 0.773077, 0),
    Vector3.new(0.471429, 0.773077, 0),
    Vector3.new(0.492857, 0.773077, 0),
    Vector3.new(0.642857, 0.773077, 0),
    Vector3.new(0.664286, 0.773077, 0),
    Vector3.new(0.685714, 0.773077, 0),
    Vector3.new(0.707143, 0.773077, 0),
    Vector3.new(0.728571, 0.773077, 0),
    Vector3.new(0.750000, 0.773077, 0),
    Vector3.new(0.771429, 0.773077, 0),
    Vector3.new(0.364286, 0.784615, 0),
    Vector3.new(0.385714, 0.784615, 0),
    Vector3.new(0.407143, 0.784615, 0),
    Vector3.new(0.428571, 0.784615, 0),
    Vector3.new(0.450000, 0.784615, 0),
    Vector3.new(0.471429, 0.784615, 0),
    Vector3.new(0.492857, 0.784615, 0),
    Vector3.new(0.642857, 0.784615, 0),
    Vector3.new(0.664286, 0.784615, 0),
    Vector3.new(0.685714, 0.784615, 0),
    Vector3.new(0.707143, 0.784615, 0),
    Vector3.new(0.728571, 0.784615, 0),
    Vector3.new(0.750000, 0.784615, 0),
    Vector3.new(0.771429, 0.784615, 0),
    Vector3.new(0.364286, 0.796154, 0),
    Vector3.new(0.385714, 0.796154, 0),
    Vector3.new(0.407143, 0.796154, 0),
    Vector3.new(0.428571, 0.796154, 0),
    Vector3.new(0.450000, 0.796154, 0),
    Vector3.new(0.471429, 0.796154, 0),
    Vector3.new(0.492857, 0.796154, 0),
    Vector3.new(0.642857, 0.796154, 0),
    Vector3.new(0.664286, 0.796154, 0),
    Vector3.new(0.685714, 0.796154, 0),
    Vector3.new(0.707143, 0.796154, 0),
    Vector3.new(0.728571, 0.796154, 0),
    Vector3.new(0.750000, 0.796154, 0),
    Vector3.new(0.771429, 0.796154, 0),
    Vector3.new(0.450000, 0.807692, 0),
    Vector3.new(0.471429, 0.807692, 0),
    Vector3.new(0.492857, 0.807692, 0),
    Vector3.new(0.642857, 0.807692, 0),
    Vector3.new(0.664286, 0.807692, 0),
    Vector3.new(0.685714, 0.807692, 0),
    Vector3.new(0.707143, 0.807692, 0),
    Vector3.new(0.728571, 0.807692, 0),
    Vector3.new(0.750000, 0.807692, 0),
    Vector3.new(0.771429, 0.807692, 0),
    Vector3.new(0.450000, 0.819231, 0),
    Vector3.new(0.471429, 0.819231, 0),
    Vector3.new(0.492857, 0.819231, 0),
    Vector3.new(0.642857, 0.819231, 0),
    Vector3.new(0.664286, 0.819231, 0),
    Vector3.new(0.685714, 0.819231, 0),
    Vector3.new(0.707143, 0.819231, 0),
    Vector3.new(0.728571, 0.819231, 0),
    Vector3.new(0.750000, 0.819231, 0),
    Vector3.new(0.771429, 0.819231, 0),
    Vector3.new(0.450000, 0.830769, 0),
    Vector3.new(0.471429, 0.830769, 0),
    Vector3.new(0.492857, 0.830769, 0),
    Vector3.new(0.642857, 0.830769, 0),
    Vector3.new(0.664286, 0.830769, 0),
    Vector3.new(0.685714, 0.830769, 0),
    Vector3.new(0.707143, 0.830769, 0),
    Vector3.new(0.728571, 0.830769, 0),
    Vector3.new(0.750000, 0.830769, 0),
    Vector3.new(0.771429, 0.830769, 0),
    Vector3.new(0.450000, 0.842308, 0),
    Vector3.new(0.471429, 0.842308, 0),
    Vector3.new(0.492857, 0.842308, 0),
    Vector3.new(0.642857, 0.842308, 0),
    Vector3.new(0.664286, 0.842308, 0),
    Vector3.new(0.685714, 0.842308, 0),
    Vector3.new(0.707143, 0.842308, 0),
    Vector3.new(0.728571, 0.842308, 0),
    Vector3.new(0.750000, 0.842308, 0),
    Vector3.new(0.771429, 0.842308, 0),
    Vector3.new(0.450000, 0.853846, 0),
    Vector3.new(0.471429, 0.853846, 0),
    Vector3.new(0.492857, 0.853846, 0),
    Vector3.new(0.728571, 0.853846, 0),
    Vector3.new(0.750000, 0.853846, 0),
    Vector3.new(0.771429, 0.853846, 0),
    Vector3.new(0.450000, 0.865385, 0),
    Vector3.new(0.471429, 0.865385, 0),
    Vector3.new(0.492857, 0.865385, 0),
    Vector3.new(0.728571, 0.865385, 0),
    Vector3.new(0.750000, 0.865385, 0),
    Vector3.new(0.771429, 0.865385, 0),
    Vector3.new(0.450000, 0.876923, 0),
    Vector3.new(0.471429, 0.876923, 0),
    Vector3.new(0.492857, 0.876923, 0),
    Vector3.new(0.728571, 0.876923, 0),
    Vector3.new(0.750000, 0.876923, 0),
    Vector3.new(0.771429, 0.876923, 0),
    Vector3.new(0.450000, 0.888462, 0),
    Vector3.new(0.471429, 0.888462, 0),
    Vector3.new(0.492857, 0.888462, 0),
    Vector3.new(0.514286, 0.888462, 0),
    Vector3.new(0.535714, 0.888462, 0),
    Vector3.new(0.557143, 0.888462, 0),
    Vector3.new(0.728571, 0.888462, 0),
    Vector3.new(0.750000, 0.888462, 0),
    Vector3.new(0.771429, 0.888462, 0),
    Vector3.new(0.450000, 0.900000, 0),
    Vector3.new(0.471429, 0.900000, 0),
    Vector3.new(0.492857, 0.900000, 0),
    Vector3.new(0.514286, 0.900000, 0),
    Vector3.new(0.535714, 0.900000, 0),
    Vector3.new(0.557143, 0.900000, 0),
    Vector3.new(0.728571, 0.900000, 0),
    Vector3.new(0.750000, 0.900000, 0),
    Vector3.new(0.771429, 0.900000, 0),
    Vector3.new(0.450000, 0.911538, 0),
    Vector3.new(0.471429, 0.911538, 0),
    Vector3.new(0.492857, 0.911538, 0),
    Vector3.new(0.514286, 0.911538, 0),
    Vector3.new(0.535714, 0.911538, 0),
    Vector3.new(0.557143, 0.911538, 0),
    Vector3.new(0.728571, 0.911538, 0),
    Vector3.new(0.750000, 0.911538, 0),
    Vector3.new(0.771429, 0.911538, 0),
    Vector3.new(0.450000, 0.923077, 0),
    Vector3.new(0.471429, 0.923077, 0),
    Vector3.new(0.492857, 0.923077, 0),
    Vector3.new(0.514286, 0.923077, 0),
    Vector3.new(0.535714, 0.923077, 0),
    Vector3.new(0.557143, 0.923077, 0),
    Vector3.new(0.450000, 0.934615, 0),
    Vector3.new(0.471429, 0.934615, 0),
    Vector3.new(0.492857, 0.934615, 0),
    Vector3.new(0.514286, 0.934615, 0),
    Vector3.new(0.535714, 0.934615, 0),
    Vector3.new(0.557143, 0.934615, 0),
    Vector3.new(0.450000, 0.946154, 0),
    Vector3.new(0.471429, 0.946154, 0),
    Vector3.new(0.492857, 0.946154, 0),
    Vector3.new(0.514286, 0.946154, 0),
    Vector3.new(0.535714, 0.946154, 0),
    Vector3.new(0.557143, 0.946154, 0),
    Vector3.new(0.450000, 0.957692, 0),
    Vector3.new(0.471429, 0.957692, 0),
    Vector3.new(0.492857, 0.957692, 0),
    Vector3.new(0.514286, 0.957692, 0),
    Vector3.new(0.535714, 0.957692, 0),
    Vector3.new(0.557143, 0.957692, 0),
    Vector3.new(0.450000, 0.969231, 0),
    Vector3.new(0.471429, 0.969231, 0),
    Vector3.new(0.492857, 0.969231, 0),
    Vector3.new(0.514286, 0.969231, 0),
    Vector3.new(0.535714, 0.969231, 0),
    Vector3.new(0.557143, 0.969231, 0),
    Vector3.new(0.450000, 0.980769, 0),
    Vector3.new(0.471429, 0.980769, 0),
    Vector3.new(0.492857, 0.980769, 0),
    Vector3.new(0.514286, 0.980769, 0),
    Vector3.new(0.535714, 0.980769, 0),
    Vector3.new(0.557143, 0.980769, 0),
    Vector3.new(0.450000, 0.992308, 0),
    Vector3.new(0.471429, 0.992308, 0),
    Vector3.new(0.492857, 0.992308, 0),
    Vector3.new(0.514286, 0.992308, 0),
    Vector3.new(0.535714, 0.992308, 0),
    Vector3.new(0.557143, 0.992308, 0)
}
