return {
    Vector3.new(12.000000, 0.000000, 0),
    Vector3.new(11.817693, 2.083778, 0),
    Vector3.new(11.276311, 4.104242, 0),
    Vector3.new(10.392305, 6.000000, 0),
    Vector3.new(9.192533, 7.713451, 0),
    Vector3.new(7.713451, 9.192533, 0),
    Vector3.new(6.000000, 10.392305, 0),
    Vector3.new(4.104242, 11.276311, 0),
    Vector3.new(2.083778, 11.817693, 0),
    Vector3.new(0.000000, 12.000000, 0),
    Vector3.new(-2.083778, 11.817693, 0),
    Vector3.new(-4.104242, 11.276311, 0),
    Vector3.new(-6.000000, 10.392305, 0),
    Vector3.new(-7.713451, 9.192533, 0),
    Vector3.new(-9.192533, 7.713451, 0),
    Vector3.new(-10.392305, 6.000000, 0),
    Vector3.new(-11.276311, 4.104242, 0),
    Vector3.new(-11.817693, 2.083778, 0),
    Vector3.new(-12.000000, 0.000000, 0),
    Vector3.new(-11.817693, -2.083778, 0),
    Vector3.new(-11.276311, -4.104242, 0),
    Vector3.new(-10.392305, -6.000000, 0),
    Vector3.new(-9.192533, -7.713451, 0),
    Vector3.new(-7.713451, -9.192533, 0),
    Vector3.new(-6.000000, -10.392305, 0),
    Vector3.new(-4.104242, -11.276311, 0),
    Vector3.new(-2.083778, -11.817693, 0),
    Vector3.new(-0.000000, -12.000000, 0),
    Vector3.new(2.083778, -11.817693, 0),
    Vector3.new(4.104242, -11.276311, 0),
    Vector3.new(6.000000, -10.392305, 0),
    Vector3.new(7.713451, -9.192533, 0),
    Vector3.new(9.192533, -7.713451, 0),
    Vector3.new(10.392305, -6.000000, 0),
    Vector3.new(11.276311, -4.104242, 0),
    Vector3.new(11.817693, -2.083778, 0)
    Vector3.new(12.000000, 0.000000, 24.000000),
    Vector3.new(11.817693, 2.083778, 24.000000),
    Vector3.new(11.276311, 4.104242, 24.000000),
    Vector3.new(10.392305, 6.000000, 24.000000),
    Vector3.new(9.192533, 7.713451, 24.000000),
    Vector3.new(7.713451, 9.192533, 24.000000),
    Vector3.new(6.000000, 10.392305, 24.000000),
    Vector3.new(4.104242, 11.276311, 24.000000),
    Vector3.new(2.083778, 11.817693, 24.000000),
    Vector3.new(0.000000, 12.000000, 24.000000),
    Vector3.new(-2.083778, 11.817693, 24.000000),
    Vector3.new(-4.104242, 11.276311, 24.000000),
    Vector3.new(-6.000000, 10.392305, 24.000000),
    Vector3.new(-7.713451, 9.192533, 24.000000),
    Vector3.new(-9.192533, 7.713451, 24.000000),
    Vector3.new(-10.392305, 6.000000, 24.000000),
    Vector3.new(-11.276311, 4.104242, 24.000000),
    Vector3.new(-11.817693, 2.083778, 24.000000),
    Vector3.new(-12.000000, 0.000000, 24.000000),
    Vector3.new(-11.817693, -2.083778, 24.000000),
    Vector3.new(-11.276311, -4.104242, 24.000000),
    Vector3.new(-10.392305, -6.000000, 24.000000),
    Vector3.new(-9.192533, -7.713451, 24.000000),
    Vector3.new(-7.713451, -9.192533, 24.000000),
    Vector3.new(-6.000000, -10.392305, 24.000000),
    Vector3.new(-4.104242, -11.276311, 24.000000),
    Vector3.new(-2.083778, -11.817693, 24.000000),
    Vector3.new(-0.000000, -12.000000, 24.000000),
    Vector3.new(2.083778, -11.817693, 24.000000),
    Vector3.new(4.104242, -11.276311, 24.000000),
    Vector3.new(6.000000, -10.392305, 24.000000),
    Vector3.new(7.713451, -9.192533, 24.000000),
    Vector3.new(9.192533, -7.713451, 24.000000),
    Vector3.new(10.392305, -6.000000, 24.000000),
    Vector3.new(11.276311, -4.104242, 24.000000),
    Vector3.new(11.817693, -2.083778, 24.000000)
}
