return {
    Vector3.new(0.484211, 0.009485, 0),
    Vector3.new(0.562030, 0.009485, 0),
    Vector3.new(0.570677, 0.009485, 0),
    Vector3.new(0.466917, 0.014227, 0),
    Vector3.new(0.596617, 0.014227, 0),
    Vector3.new(0.613910, 0.018969, 0),
    Vector3.new(0.432331, 0.023711, 0),
    Vector3.new(0.622556, 0.023711, 0),
    Vector3.new(0.415038, 0.028454, 0),
    Vector3.new(0.423684, 0.028454, 0),
    Vector3.new(0.631203, 0.028454, 0),
    Vector3.new(0.389098, 0.042680, 0),
    Vector3.new(0.648496, 0.042680, 0),
    Vector3.new(0.380451, 0.052165, 0),
    Vector3.new(0.657143, 0.052165, 0),
    Vector3.new(0.665789, 0.061649, 0),
    Vector3.new(0.371805, 0.066392, 0),
    Vector3.new(0.371805, 0.071134, 0),
    Vector3.new(0.683083, 0.080619, 0),
    Vector3.new(0.683083, 0.085361, 0),
    Vector3.new(0.363158, 0.109072, 0),
    Vector3.new(0.691729, 0.109072, 0),
    Vector3.new(0.380451, 0.113814, 0),
    Vector3.new(0.389098, 0.113814, 0),
    Vector3.new(0.674436, 0.113814, 0),
    Vector3.new(0.691729, 0.113814, 0),
    Vector3.new(0.354511, 0.118557, 0),
    Vector3.new(0.380451, 0.118557, 0),
    Vector3.new(0.389098, 0.118557, 0),
    Vector3.new(0.674436, 0.118557, 0),
    Vector3.new(0.691729, 0.118557, 0),
    Vector3.new(0.389098, 0.123299, 0),
    Vector3.new(0.691729, 0.123299, 0),
    Vector3.new(0.345865, 0.128041, 0),
    Vector3.new(0.389098, 0.128041, 0),
    Vector3.new(0.691729, 0.132784, 0),
    Vector3.new(0.691729, 0.137526, 0),
    Vector3.new(0.328571, 0.142268, 0),
    Vector3.new(0.345865, 0.142268, 0),
    Vector3.new(0.665789, 0.142268, 0),
    Vector3.new(0.691729, 0.142268, 0),
    Vector3.new(0.665789, 0.147010, 0),
    Vector3.new(0.311278, 0.151753, 0),
    Vector3.new(0.319925, 0.151753, 0),
    Vector3.new(0.665789, 0.151753, 0),
    Vector3.new(0.665789, 0.156495, 0),
    Vector3.new(0.380451, 0.161237, 0),
    Vector3.new(0.415038, 0.161237, 0),
    Vector3.new(0.380451, 0.165979, 0),
    Vector3.new(0.415038, 0.165979, 0),
    Vector3.new(0.657143, 0.165979, 0),
    Vector3.new(0.397744, 0.170722, 0),
    Vector3.new(0.674436, 0.170722, 0),
    Vector3.new(0.674436, 0.175464, 0),
    Vector3.new(0.683083, 0.175464, 0),
    Vector3.new(0.423684, 0.180206, 0),
    Vector3.new(0.648496, 0.180206, 0),
    Vector3.new(0.423684, 0.184948, 0),
    Vector3.new(0.657143, 0.184948, 0),
    Vector3.new(0.389098, 0.189691, 0),
    Vector3.new(0.423684, 0.189691, 0),
    Vector3.new(0.389098, 0.194433, 0),
    Vector3.new(0.389098, 0.199175, 0),
    Vector3.new(0.406391, 0.199175, 0),
    Vector3.new(0.397744, 0.203918, 0),
    Vector3.new(0.691729, 0.203918, 0),
    Vector3.new(0.700376, 0.208660, 0),
    Vector3.new(0.700376, 0.213402, 0),
    Vector3.new(0.380451, 0.218144, 0),
    Vector3.new(0.380451, 0.222887, 0),
    Vector3.new(0.709023, 0.222887, 0),
    Vector3.new(0.709023, 0.227629, 0),
    Vector3.new(0.371805, 0.237113, 0),
    Vector3.new(0.717669, 0.246598, 0),
    Vector3.new(0.363158, 0.251340, 0),
    Vector3.new(0.717669, 0.251340, 0),
    Vector3.new(0.354511, 0.256082, 0),
    Vector3.new(0.726316, 0.275052, 0),
    Vector3.new(0.328571, 0.279794, 0),
    Vector3.new(0.726316, 0.279794, 0),
    Vector3.new(0.319925, 0.284536, 0),
    Vector3.new(0.726316, 0.284536, 0),
    Vector3.new(0.311278, 0.289278, 0),
    Vector3.new(0.415038, 0.289278, 0),
    Vector3.new(0.726316, 0.289278, 0),
    Vector3.new(0.302632, 0.294021, 0),
    Vector3.new(0.639850, 0.294021, 0),
    Vector3.new(0.657143, 0.294021, 0),
    Vector3.new(0.293985, 0.298763, 0),
    Vector3.new(0.639850, 0.298763, 0),
    Vector3.new(0.657143, 0.298763, 0),
    Vector3.new(0.285338, 0.303505, 0),
    Vector3.new(0.743609, 0.308247, 0),
    Vector3.new(0.276692, 0.312990, 0),
    Vector3.new(0.380451, 0.312990, 0),
    Vector3.new(0.665789, 0.312990, 0),
    Vector3.new(0.268045, 0.317732, 0),
    Vector3.new(0.371805, 0.317732, 0),
    Vector3.new(0.631203, 0.317732, 0),
    Vector3.new(0.665789, 0.317732, 0),
    Vector3.new(0.268045, 0.322474, 0),
    Vector3.new(0.752256, 0.322474, 0),
    Vector3.new(0.363158, 0.327216, 0),
    Vector3.new(0.440977, 0.327216, 0),
    Vector3.new(0.622556, 0.327216, 0),
    Vector3.new(0.674436, 0.327216, 0),
    Vector3.new(0.354511, 0.331959, 0),
    Vector3.new(0.674436, 0.331959, 0),
    Vector3.new(0.760902, 0.331959, 0),
    Vector3.new(0.423684, 0.336701, 0),
    Vector3.new(0.613910, 0.336701, 0),
    Vector3.new(0.345865, 0.341443, 0),
    Vector3.new(0.683083, 0.341443, 0),
    Vector3.new(0.769549, 0.341443, 0),
    Vector3.new(0.242105, 0.346186, 0),
    Vector3.new(0.605263, 0.346186, 0),
    Vector3.new(0.769549, 0.346186, 0),
    Vector3.new(0.328571, 0.350928, 0),
    Vector3.new(0.397744, 0.350928, 0),
    Vector3.new(0.691729, 0.350928, 0),
    Vector3.new(0.198872, 0.355670, 0),
    Vector3.new(0.224812, 0.355670, 0),
    Vector3.new(0.380451, 0.355670, 0),
    Vector3.new(0.691729, 0.355670, 0),
    Vector3.new(0.319925, 0.360412, 0),
    Vector3.new(0.700376, 0.360412, 0),
    Vector3.new(0.778195, 0.360412, 0),
    Vector3.new(0.190226, 0.365155, 0),
    Vector3.new(0.311278, 0.365155, 0),
    Vector3.new(0.354511, 0.365155, 0),
    Vector3.new(0.709023, 0.365155, 0),
    Vector3.new(0.337218, 0.374639, 0),
    Vector3.new(0.155639, 0.379381, 0),
    Vector3.new(0.319925, 0.379381, 0),
    Vector3.new(0.605263, 0.379381, 0),
    Vector3.new(0.155639, 0.384124, 0),
    Vector3.new(0.285338, 0.384124, 0),
    Vector3.new(0.311278, 0.384124, 0),
    Vector3.new(0.734962, 0.384124, 0),
    Vector3.new(0.830075, 0.384124, 0),
    Vector3.new(0.276692, 0.388866, 0),
    Vector3.new(0.734962, 0.388866, 0),
    Vector3.new(0.121053, 0.393608, 0),
    Vector3.new(0.129699, 0.393608, 0),
    Vector3.new(0.276692, 0.393608, 0),
    Vector3.new(0.734962, 0.393608, 0),
    Vector3.new(0.838722, 0.393608, 0),
    Vector3.new(0.847368, 0.393608, 0),
    Vector3.new(0.856015, 0.393608, 0),
    Vector3.new(0.864662, 0.393608, 0),
    Vector3.new(0.873308, 0.393608, 0),
    Vector3.new(0.881955, 0.393608, 0),
    Vector3.new(0.112406, 0.398351, 0),
    Vector3.new(0.276692, 0.398351, 0),
    Vector3.new(0.734962, 0.398351, 0),
    Vector3.new(0.639850, 0.403093, 0),
    Vector3.new(0.250752, 0.407835, 0),
    Vector3.new(0.657143, 0.407835, 0),
    Vector3.new(0.103759, 0.412577, 0),
    Vector3.new(0.268045, 0.412577, 0),
    Vector3.new(0.691729, 0.412577, 0),
    Vector3.new(0.700376, 0.412577, 0),
    Vector3.new(0.890602, 0.412577, 0),
    Vector3.new(0.207519, 0.417320, 0),
    Vector3.new(0.216165, 0.417320, 0),
    Vector3.new(0.233459, 0.417320, 0),
    Vector3.new(0.778195, 0.417320, 0),
    Vector3.new(0.242105, 0.422062, 0),
    Vector3.new(0.734962, 0.422062, 0),
    Vector3.new(0.743609, 0.422062, 0),
    Vector3.new(0.743609, 0.426804, 0),
    Vector3.new(0.830075, 0.426804, 0),
    Vector3.new(0.103759, 0.431546, 0),
    Vector3.new(0.172932, 0.431546, 0),
    Vector3.new(0.216165, 0.431546, 0),
    Vector3.new(0.847368, 0.431546, 0),
    Vector3.new(0.856015, 0.431546, 0),
    Vector3.new(0.864662, 0.431546, 0),
    Vector3.new(0.873308, 0.431546, 0),
    Vector3.new(0.881955, 0.431546, 0),
    Vector3.new(0.890602, 0.431546, 0),
    Vector3.new(0.129699, 0.436289, 0),
    Vector3.new(0.138346, 0.436289, 0),
    Vector3.new(0.146992, 0.436289, 0),
    Vector3.new(0.155639, 0.436289, 0),
    Vector3.new(0.216165, 0.436289, 0),
    Vector3.new(0.734962, 0.436289, 0),
    Vector3.new(0.207519, 0.441031, 0),
    Vector3.new(0.734962, 0.441031, 0),
    Vector3.new(0.207519, 0.450515, 0),
    Vector3.new(0.734962, 0.455258, 0),
    Vector3.new(0.216165, 0.460000, 0),
    Vector3.new(0.726316, 0.464742, 0),
    Vector3.new(0.216165, 0.469485, 0),
    Vector3.new(0.224812, 0.469485, 0),
    Vector3.new(0.743609, 0.478969, 0),
    Vector3.new(0.717669, 0.483711, 0),
    Vector3.new(0.726316, 0.483711, 0),
    Vector3.new(0.709023, 0.488454, 0),
    Vector3.new(0.276692, 0.493196, 0),
    Vector3.new(0.709023, 0.493196, 0),
    Vector3.new(0.276692, 0.497938, 0),
    Vector3.new(0.709023, 0.497938, 0),
    Vector3.new(0.276692, 0.502680, 0),
    Vector3.new(0.691729, 0.502680, 0),
    Vector3.new(0.311278, 0.512165, 0),
    Vector3.new(0.639850, 0.512165, 0),
    Vector3.new(0.657143, 0.512165, 0),
    Vector3.new(0.665789, 0.512165, 0),
    Vector3.new(0.683083, 0.512165, 0),
    Vector3.new(0.691729, 0.512165, 0),
    Vector3.new(0.276692, 0.516907, 0),
    Vector3.new(0.319925, 0.516907, 0),
    Vector3.new(0.639850, 0.516907, 0),
    Vector3.new(0.319925, 0.521649, 0),
    Vector3.new(0.466917, 0.521649, 0),
    Vector3.new(0.492857, 0.521649, 0),
    Vector3.new(0.639850, 0.521649, 0),
    Vector3.new(0.285338, 0.526392, 0),
    Vector3.new(0.466917, 0.526392, 0),
    Vector3.new(0.639850, 0.526392, 0),
    Vector3.new(0.268045, 0.531134, 0),
    Vector3.new(0.466917, 0.531134, 0),
    Vector3.new(0.510150, 0.531134, 0),
    Vector3.new(0.639850, 0.531134, 0),
    Vector3.new(0.268045, 0.535876, 0),
    Vector3.new(0.328571, 0.535876, 0),
    Vector3.new(0.466917, 0.535876, 0),
    Vector3.new(0.510150, 0.535876, 0),
    Vector3.new(0.639850, 0.535876, 0),
    Vector3.new(0.328571, 0.540619, 0),
    Vector3.new(0.466917, 0.540619, 0),
    Vector3.new(0.639850, 0.540619, 0),
    Vector3.new(0.328571, 0.545361, 0),
    Vector3.new(0.466917, 0.545361, 0),
    Vector3.new(0.639850, 0.545361, 0),
    Vector3.new(0.328571, 0.550103, 0),
    Vector3.new(0.466917, 0.550103, 0),
    Vector3.new(0.639850, 0.550103, 0),
    Vector3.new(0.466917, 0.554845, 0),
    Vector3.new(0.639850, 0.554845, 0),
    Vector3.new(0.466917, 0.559588, 0),
    Vector3.new(0.337218, 0.564330, 0),
    Vector3.new(0.466917, 0.564330, 0),
    Vector3.new(0.466917, 0.569072, 0),
    Vector3.new(0.466917, 0.573814, 0),
    Vector3.new(0.345865, 0.578557, 0),
    Vector3.new(0.466917, 0.578557, 0),
    Vector3.new(0.518797, 0.578557, 0),
    Vector3.new(0.345865, 0.583299, 0),
    Vector3.new(0.466917, 0.583299, 0),
    Vector3.new(0.518797, 0.583299, 0),
    Vector3.new(0.466917, 0.588041, 0),
    Vector3.new(0.518797, 0.588041, 0),
    Vector3.new(0.466917, 0.592784, 0),
    Vector3.new(0.466917, 0.597526, 0),
    Vector3.new(0.354511, 0.602268, 0),
    Vector3.new(0.354511, 0.607010, 0),
    Vector3.new(0.363158, 0.616495, 0),
    Vector3.new(0.363158, 0.621237, 0),
    Vector3.new(0.639850, 0.621237, 0),
    Vector3.new(0.475564, 0.625979, 0),
    Vector3.new(0.648496, 0.625979, 0),
    Vector3.new(0.475564, 0.630722, 0),
    Vector3.new(0.527444, 0.630722, 0),
    Vector3.new(0.475564, 0.635464, 0),
    Vector3.new(0.475564, 0.640206, 0),
    Vector3.new(0.665789, 0.640206, 0),
    Vector3.new(0.475564, 0.644948, 0),
    Vector3.new(0.536090, 0.644948, 0),
    Vector3.new(0.371805, 0.649691, 0),
    Vector3.new(0.475564, 0.649691, 0),
    Vector3.new(0.371805, 0.654433, 0),
    Vector3.new(0.475564, 0.654433, 0),
    Vector3.new(0.683083, 0.654433, 0),
    Vector3.new(0.371805, 0.659175, 0),
    Vector3.new(0.475564, 0.659175, 0),
    Vector3.new(0.553383, 0.663918, 0),
    Vector3.new(0.691729, 0.673402, 0),
    Vector3.new(0.570677, 0.678144, 0),
    Vector3.new(0.700376, 0.682887, 0),
    Vector3.new(0.579323, 0.687629, 0),
    Vector3.new(0.700376, 0.687629, 0),
    Vector3.new(0.700376, 0.692371, 0),
    Vector3.new(0.363158, 0.697113, 0),
    Vector3.new(0.587970, 0.697113, 0),
    Vector3.new(0.709023, 0.697113, 0),
    Vector3.new(0.363158, 0.701856, 0),
    Vector3.new(0.709023, 0.701856, 0),
    Vector3.new(0.363158, 0.706598, 0),
    Vector3.new(0.596617, 0.706598, 0),
    Vector3.new(0.709023, 0.706598, 0),
    Vector3.new(0.363158, 0.711340, 0),
    Vector3.new(0.475564, 0.711340, 0),
    Vector3.new(0.363158, 0.716082, 0),
    Vector3.new(0.475564, 0.716082, 0),
    Vector3.new(0.363158, 0.720825, 0),
    Vector3.new(0.475564, 0.720825, 0),
    Vector3.new(0.605263, 0.720825, 0),
    Vector3.new(0.475564, 0.725567, 0),
    Vector3.new(0.717669, 0.725567, 0),
    Vector3.new(0.475564, 0.730309, 0),
    Vector3.new(0.613910, 0.730309, 0),
    Vector3.new(0.717669, 0.730309, 0),
    Vector3.new(0.475564, 0.735052, 0),
    Vector3.new(0.475564, 0.739794, 0),
    Vector3.new(0.622556, 0.739794, 0),
    Vector3.new(0.371805, 0.744536, 0),
    Vector3.new(0.475564, 0.744536, 0),
    Vector3.new(0.371805, 0.749278, 0),
    Vector3.new(0.475564, 0.749278, 0),
    Vector3.new(0.631203, 0.749278, 0),
    Vector3.new(0.475564, 0.754021, 0),
    Vector3.new(0.639850, 0.763505, 0),
    Vector3.new(0.380451, 0.768247, 0),
    Vector3.new(0.726316, 0.768247, 0),
    Vector3.new(0.726316, 0.772990, 0),
    Vector3.new(0.726316, 0.777732, 0),
    Vector3.new(0.657143, 0.782474, 0),
    Vector3.new(0.726316, 0.782474, 0),
    Vector3.new(0.389098, 0.787216, 0),
    Vector3.new(0.657143, 0.787216, 0),
    Vector3.new(0.726316, 0.787216, 0),
    Vector3.new(0.726316, 0.791959, 0),
    Vector3.new(0.397744, 0.796701, 0),
    Vector3.new(0.397744, 0.801443, 0),
    Vector3.new(0.665789, 0.801443, 0),
    Vector3.new(0.484211, 0.806186, 0),
    Vector3.new(0.734962, 0.806186, 0),
    Vector3.new(0.484211, 0.810928, 0),
    Vector3.new(0.674436, 0.810928, 0),
    Vector3.new(0.484211, 0.815670, 0),
    Vector3.new(0.674436, 0.815670, 0),
    Vector3.new(0.743609, 0.820412, 0),
    Vector3.new(0.406391, 0.825155, 0),
    Vector3.new(0.683083, 0.825155, 0),
    Vector3.new(0.752256, 0.829897, 0),
    Vector3.new(0.415038, 0.834639, 0),
    Vector3.new(0.415038, 0.839381, 0),
    Vector3.new(0.492857, 0.844124, 0),
    Vector3.new(0.691729, 0.844124, 0),
    Vector3.new(0.423684, 0.848866, 0),
    Vector3.new(0.492857, 0.848866, 0),
    Vector3.new(0.691729, 0.848866, 0),
    Vector3.new(0.769549, 0.848866, 0),
    Vector3.new(0.691729, 0.853608, 0),
    Vector3.new(0.769549, 0.853608, 0),
    Vector3.new(0.691729, 0.858351, 0),
    Vector3.new(0.432331, 0.863093, 0),
    Vector3.new(0.778195, 0.863093, 0),
    Vector3.new(0.432331, 0.867835, 0),
    Vector3.new(0.501504, 0.867835, 0),
    Vector3.new(0.510150, 0.877320, 0),
    Vector3.new(0.700376, 0.877320, 0),
    Vector3.new(0.795489, 0.877320, 0),
    Vector3.new(0.510150, 0.882062, 0),
    Vector3.new(0.700376, 0.882062, 0),
    Vector3.new(0.440977, 0.886804, 0),
    Vector3.new(0.518797, 0.886804, 0),
    Vector3.new(0.700376, 0.886804, 0),
    Vector3.new(0.804135, 0.886804, 0),
    Vector3.new(0.700376, 0.891546, 0),
    Vector3.new(0.804135, 0.891546, 0),
    Vector3.new(0.527444, 0.896289, 0),
    Vector3.new(0.700376, 0.896289, 0),
    Vector3.new(0.804135, 0.896289, 0),
    Vector3.new(0.536090, 0.901031, 0),
    Vector3.new(0.700376, 0.901031, 0),
    Vector3.new(0.804135, 0.901031, 0),
    Vector3.new(0.536090, 0.905773, 0),
    Vector3.new(0.700376, 0.905773, 0),
    Vector3.new(0.804135, 0.905773, 0),
    Vector3.new(0.536090, 0.910515, 0),
    Vector3.new(0.804135, 0.910515, 0),
    Vector3.new(0.440977, 0.915258, 0),
    Vector3.new(0.536090, 0.915258, 0),
    Vector3.new(0.709023, 0.915258, 0),
    Vector3.new(0.804135, 0.915258, 0),
    Vector3.new(0.440977, 0.920000, 0),
    Vector3.new(0.536090, 0.920000, 0),
    Vector3.new(0.717669, 0.920000, 0),
    Vector3.new(0.536090, 0.924742, 0),
    Vector3.new(0.536090, 0.929485, 0),
    Vector3.new(0.795489, 0.929485, 0),
    Vector3.new(0.527444, 0.934227, 0),
    Vector3.new(0.734962, 0.934227, 0),
    Vector3.new(0.743609, 0.934227, 0),
    Vector3.new(0.752256, 0.934227, 0),
    Vector3.new(0.760902, 0.934227, 0),
    Vector3.new(0.769549, 0.934227, 0),
    Vector3.new(0.527444, 0.938969, 0),
    Vector3.new(0.440977, 0.943711, 0),
    Vector3.new(0.527444, 0.943711, 0),
    Vector3.new(0.527444, 0.948454, 0),
    Vector3.new(0.432331, 0.953196, 0),
    Vector3.new(0.527444, 0.953196, 0),
    Vector3.new(0.423684, 0.962680, 0),
    Vector3.new(0.536090, 0.962680, 0),
    Vector3.new(0.423684, 0.967423, 0),
    Vector3.new(0.536090, 0.967423, 0),
    Vector3.new(0.536090, 0.972165, 0),
    Vector3.new(0.536090, 0.976907, 0),
    Vector3.new(0.415038, 0.981649, 0),
    Vector3.new(0.527444, 0.981649, 0),
    Vector3.new(0.415038, 0.986392, 0),
    Vector3.new(0.518797, 0.986392, 0),
    Vector3.new(0.432331, 0.991134, 0),
    Vector3.new(0.440977, 0.991134, 0),
    Vector3.new(0.449624, 0.991134, 0),
    Vector3.new(0.458271, 0.991134, 0),
    Vector3.new(0.466917, 0.991134, 0),
    Vector3.new(0.475564, 0.991134, 0)
}