return {
	Vector3.new(0, 0, 0),
	Vector3.new(0.0996551513671875, -0.7106170654296875, 0),
	Vector3.new(0.1629486083984375, -1.2536392211914062, 0),
	Vector3.new(0.1437835693359375, -1.9774627685546875, 0),
	Vector3.new(0.10074615478515625, -2.4557342529296875, 0),
	Vector3.new(0.15528106689453125, -1.9783859252929688, 0),
	Vector3.new(0.34497833251953125, -2.400279998779297, 0),
	Vector3.new(0.6148147583007812, -3.0647201538085938, 0),
	Vector3.new(0.921844482421875, -3.9246253967285156, 0),
	Vector3.new(1.0503387451171875, -4.189697265625, 0),
	Vector3.new(0.90521240234375, -4.4997406005859375, 0),
	Vector3.new(0.7761154174804688, -4.8127593994140625, 0),
	Vector3.new(0.6676177978515625, -5.070308685302734, 0),
	Vector3.new(0.535369873046875, -5.3479461669921875, 0),
	Vector3.new(0.41463470458984375, -5.572849273681641, 0),
	Vector3.new(0.23361968994140625, -5.548458099365234, 0),
	Vector3.new(-0.22721099853515625, -5.3951263427734375, 0),
	Vector3.new(-0.6826095581054688, -5.232799530029297, 0),
	Vector3.new(-1.2745895385742188, -5.028411865234375, 0),
	Vector3.new(-1.6832046508789062, -4.946201324462891, 0),
	Vector3.new(-1.5200653076171875, -4.461582183837891, 0),
	Vector3.new(-0.8810272216796875, -4.392230987548828, 0),
	Vector3.new(-1.3684844970703125, -4.222023010253906, 0),
	Vector3.new(-1.1605300903320312, -3.7674293518066406, 0),
	Vector3.new(-1.0238418579101562, -3.3545684814453125, 0),
	Vector3.new(-0.8411331176757812, -2.8374977111816406, 0),
	Vector3.new(-0.77728271484375, -2.391742706298828, 0),
	Vector3.new(-0.8329315185546875, -2.7999801635742188, 0),
	Vector3.new(-0.9924468994140625, -3.199462890625, 0),
	Vector3.new(-1.1858444213867188, -3.7852325439453125, 0),
	Vector3.new(-1.3684844970703125, -4.222023010253906, 0),
	Vector3.new(-1.7867431640625, -4.14569091796875, 0),
	Vector3.new(-2.4292221069335938, -4.139091491699219, 0),
	Vector3.new(-3.1930313110351562, -4.150096893310547, 0),
	Vector3.new(-3.489990234375, -4.2791595458984375, 0),
	Vector3.new(-3.2845687866210938, -4.064338684082031, 0),
	Vector3.new(-2.9817886352539062, -3.6523590087890625, 0),
	Vector3.new(-2.6672286987304688, -3.1562423706054688, 0),
	Vector3.new(-2.4535903930664062, -2.5602951049804688, 0),
	Vector3.new(-2.7550888061523438, -2.7692794799804688, 0),
	Vector3.new(-3.1063003540039062, -3.0123825073242188, 0),
	Vector3.new(-3.6073150634765625, -3.232341766357422, 0),
	Vector3.new(-3.8754959106445312, -3.3163909912109375, 0),
	Vector3.new(-4.023429870605469, -2.8333816528320312, 0),
	Vector3.new(-4.217796325683594, -2.4541168212890625, 0),
	Vector3.new(-4.5811004638671875, -1.7553215026855469, 0),
	Vector3.new(-5.215278625488281, -0.8914947509765625, 0),
	Vector3.new(-5.6399688720703125, -0.4686737060546875, 0),
	Vector3.new(-6.130500793457031, -0.008022308349609375, 0),
	Vector3.new(-5.946235656738281, -0.2147674560546875, 0),
	Vector3.new(-5.69818115234375, -0.4058685302734375, 0),
	Vector3.new(-5.212188720703125, -0.9094352722167969, 0),
	Vector3.new(-4.7194976806640625, -1.5795974731445312, 0),
	Vector3.new(-4.373237609863281, -2.1335906982421875, 0),
	Vector3.new(-4.2743988037109375, -2.3326759338378906, 0),
	Vector3.new(-4.482536315917969, -2.2478790283203125, 0),
	Vector3.new(-5.199317932128906, -1.606781005859375, 0),
	Vector3.new(-5.908805847167969, -1.132080078125, 0),
	Vector3.new(-6.7967376708984375, -0.6631851196289062, 0),
	Vector3.new(-7.769660949707031, -0.2625885009765625, 0),
	Vector3.new(-8.65997314453125, -0.0286407470703125, 0),
	Vector3.new(-9.787452697753906, 0.13080978393554688, 0),
	Vector3.new(-11.060707092285156, 0.121856689453125, 0),
	Vector3.new(-12.138931274414062, -0.001628875732421875, 0),
	Vector3.new(-13.174972534179688, -0.28014373779296875, 0),
	Vector3.new(-14.036369323730469, -0.6476211547851562, 0),
	Vector3.new(-14.843711853027344, -1.0999984741210938, 0),
	Vector3.new(-15.499969482421875, -1.6176834106445312, 0),
	Vector3.new(-16.10938262939453, -2.19317626953125, 0),
	Vector3.new(-16.550262451171875, -2.6707229614257812, 0),
	Vector3.new(-17.091346740722656, -3.2097854614257812, 0),
	Vector3.new(-16.8385009765625, -2.552978515625, 0),
	Vector3.new(-16.28508758544922, -1.7507400512695312, 0),
	Vector3.new(-15.809066772460938, -1.1469459533691406, 0),
	Vector3.new(-15.443260192871094, -0.6783409118652344, 0),
	Vector3.new(-14.821220397949219, 0.35013580322265625, 0),
	Vector3.new(-15.46026611328125, -0.6907424926757812, 0),
	Vector3.new(-16.293663024902344, -1.7508087158203125, 0),
	Vector3.new(-16.8284912109375, -2.546070098876953, 0),
	Vector3.new(-17.106643676757812, -3.2132225036621094, 0),
	Vector3.new(-17.309959411621094, -3.565540313720703, 0),
	Vector3.new(-17.7193603515625, -3.5788116455078125, 0),
	Vector3.new(-17.474082946777344, -3.8071975708007812, 0),
	Vector3.new(-17.88123321533203, -4.5586395263671875, 0),
	Vector3.new(-18.269912719726562, -5.594696044921875, 0),
	Vector3.new(-18.73102569580078, -5.827201843261719, 0),
	Vector3.new(-19.215980529785156, -5.2229461669921875, 0),
	Vector3.new(-19.820755004882812, -4.3808135986328125, 0),
	Vector3.new(-20.283096313476562, -3.659809112548828, 0),
	Vector3.new(-20.50098419189453, -3.2128868103027344, 0),
	Vector3.new(-20.26526641845703, -3.6859893798828125, 0),
	Vector3.new(-19.7674560546875, -4.475837707519531, 0),
	Vector3.new(-19.250755310058594, -5.180213928222656, 0),
	Vector3.new(-18.739723205566406, -5.8102569580078125, 0),
	Vector3.new(-19.281166076660156, -6.0553131103515625, 0),
	Vector3.new(-20.157920837402344, -6.44648551940918, 0),
	Vector3.new(-20.7557373046875, -6.763225555419922, 0),
	Vector3.new(-21.229347229003906, -5.988162994384766, 0),
	Vector3.new(-22.124649047851562, -4.472465515136719, 0),
	Vector3.new(-22.49022674560547, -3.7826766967773438, 0),
	Vector3.new(-22.70055389404297, -3.164703369140625, 0),
	Vector3.new(-22.56719207763672, -2.5109100341796875, 0),
	Vector3.new(-22.27960968017578, -1.8362884521484375, 0),
	Vector3.new(-21.931053161621094, -1.1283111572265625, 0),
	Vector3.new(-21.820968627929688, -0.8648262023925781, 0),
	Vector3.new(-21.447280883789062, 0.6319389343261719, 0),
	Vector3.new(-21.812545776367188, -0.8484687805175781, 0),
	Vector3.new(-22.237380981445312, -1.760009765625, 0),
	Vector3.new(-22.577857971191406, -2.5400390625, 0),
	Vector3.new(-22.6982421875, -3.154998779296875, 0),
	Vector3.new(-22.48486328125, -3.7771072387695312, 0),
	Vector3.new(-22.13861083984375, -4.446296691894531, 0),
	Vector3.new(-21.559234619140625, -5.403690338134766, 0),
	Vector3.new(-21.094398498535156, -6.205108642578125, 0),
	Vector3.new(-20.74469757080078, -6.751983642578125, 0),
	Vector3.new(-21.201995849609375, -7.012943267822266, 0),
	Vector3.new(-22.10515594482422, -7.496641159057617, 0),
	Vector3.new(-22.937538146972656, -8.05180549621582, 0),
	Vector3.new(-23.737472534179688, -8.54629898071289, 0),
	Vector3.new(-24.53563690185547, -8.990358352661133, 0),
	Vector3.new(-25.506935119628906, -9.488809585571289, 0),
	Vector3.new(-26.46649932861328, -9.853069305419922, 0),
	Vector3.new(-25.0904541015625, -10.05341911315918, 0),
	Vector3.new(-26.2132568359375, -10.519464492797852, 0),
	Vector3.new(-25.16442108154297, -10.787105560302734, 0),
	Vector3.new(-25.567916870117188, -11.076366424560547, 0),
	Vector3.new(-24.62834930419922, -11.370712280273438, 0),
	Vector3.new(-25.22338104248047, -11.692150115966797, 0),
	Vector3.new(-24.783058166503906, -12.231170654296875, 0),
	Vector3.new(-24.461715698242188, -12.714883804321289, 0),
	Vector3.new(-24.175582885742188, -13.248968124389648, 0),
	Vector3.new(-23.79425811767578, -13.935338973999023, 0),
	Vector3.new(-23.330642700195312, -14.817440032958984, 0),
	Vector3.new(-22.887130737304688, -15.58773422241211, 0),
	Vector3.new(-22.227645874023438, -16.526775360107422, 0),
	Vector3.new(-21.68682098388672, -17.210174560546875, 0),
	Vector3.new(-20.956100463867188, -18.001873016357422, 0),
	Vector3.new(-20.162879943847656, -18.897743225097656, 0),
	Vector3.new(-19.624069213867188, -19.532474517822266, 0),
	Vector3.new(-18.891937255859375, -20.249130249023438, 0),
	Vector3.new(-19.12884521484375, -19.2383975982666, 0),
	Vector3.new(-19.26734161376953, -18.02882957458496, 0),
	Vector3.new(-20.01470184326172, -18.014415740966797, 0),
	Vector3.new(-20.440711975097656, -17.719223022460938, 0),
	Vector3.new(-20.77142333984375, -17.35692024230957, 0),
	Vector3.new(-20.929161071777344, -16.772991180419922, 0),
	Vector3.new(-20.845176696777344, -16.29051399230957, 0),
	Vector3.new(-21.02759552001953, -15.705398559570312, 0),
	Vector3.new(-21.06885528564453, -15.057744979858398, 0),
	Vector3.new(-20.12181854248047, -15.133966445922852, 0),
	Vector3.new(-19.697792053222656, -14.971694946289062, 0),
	Vector3.new(-19.501068115234375, -14.926080703735352, 0),
	Vector3.new(-18.228919982910156, -14.03249740600586, 0),
	Vector3.new(-17.911903381347656, -14.524637222290039, 0),
	Vector3.new(-17.79804229736328, -15.125066757202148, 0),
	Vector3.new(-17.46820831298828, -15.687215805053711, 0),
	Vector3.new(-17.38689422607422, -16.34590721130371, 0),
	Vector3.new(-17.592498779296875, -16.890989303588867, 0),
	Vector3.new(-17.946022033691406, -17.33453369140625, 0),
	Vector3.new(-18.452980041503906, -17.76020050048828, 0),
	Vector3.new(-19.164161682128906, -17.999221801757812, 0),
	Vector3.new(-19.970779418945312, -18.02602195739746, 0),
	Vector3.new(-20.392852783203125, -17.758222579956055, 0),
	Vector3.new(-20.77629852294922, -17.301864624023438, 0),
	Vector3.new(-20.927536010742188, -16.8085880279541, 0),
	Vector3.new(-20.835174560546875, -16.299867630004883, 0),
	Vector3.new(-20.743003845214844, -15.922979354858398, 0),
	Vector3.new(-20.403549194335938, -15.449644088745117, 0),
	Vector3.new(-20.13178253173828, -15.123519897460938, 0),
	Vector3.new(-19.540191650390625, -14.924922943115234, 0),
	Vector3.new(-19.000572204589844, -14.787071228027344, 0),
	Vector3.new(-18.40105438232422, -14.857379913330078, 0),
	Vector3.new(-18.026214599609375, -14.989725112915039, 0),
	Vector3.new(-17.842018127441406, -15.104167938232422, 0),
	Vector3.new(-18.529212951660156, -15.973217010498047, 0),
	Vector3.new(-18.74333953857422, -16.206623077392578, 0),
	Vector3.new(-19.031234741210938, -16.29496192932129, 0),
	Vector3.new(-19.283302307128906, -16.24448013305664, 0),
	Vector3.new(-19.47144317626953, -16.15513038635254, 0),
	Vector3.new(-19.58502960205078, -16.36172866821289, 0),
	Vector3.new(-19.755531311035156, -16.513912200927734, 0),
	Vector3.new(-19.945693969726562, -16.611248016357422, 0),
	Vector3.new(-20.14653778076172, -16.653423309326172, 0),
	Vector3.new(-20.417236328125, -16.576059341430664, 0),
	Vector3.new(-20.79857635498047, -16.490907669067383, 0),
	Vector3.new(-20.75604248046875, -15.968551635742188, 0),
	Vector3.new(-20.213829040527344, -15.208074569702148, 0),
	Vector3.new(-19.748733520507812, -14.986995697021484, 0),
	Vector3.new(-19.877395629882812, -14.027328491210938, 0),
	Vector3.new(-19.85193634033203, -12.627914428710938, 0),
	Vector3.new(-19.789199829101562, -11.330955505371094, 0),
	Vector3.new(-19.566741943359375, -10.19471549987793, 0),
	Vector3.new(-19.332054138183594, -9.356790542602539, 0),
	Vector3.new(-19.029449462890625, -8.390054702758789, 0),
	Vector3.new(-18.772537231445312, -7.671955108642578, 0),
	Vector3.new(-18.31078338623047, -6.741327285766602, 0),
	Vector3.new(-17.87567901611328, -5.9752655029296875, 0),
	Vector3.new(-17.51720428466797, -5.479034423828125, 0),
	Vector3.new(-18.187522888183594, -5.583152770996094, 0),
	Vector3.new(-17.95989990234375, -4.771598815917969, 0),
	Vector3.new(-18.230018615722656, -4.666267395019531, 0),
	Vector3.new(-18.655517578125, -4.6466217041015625, 0),
	Vector3.new(-18.396690368652344, -5.133941650390625, 0),
	Vector3.new(-18.6494140625, -4.646724700927734, 0),
	Vector3.new(-19.108314514160156, -3.7633438110351562, 0),
	Vector3.new(-19.75849151611328, -2.4234085083007812, 0),
	Vector3.new(-20.201248168945312, -1.3313980102539062, 0),
	Vector3.new(-19.766616821289062, -2.3673439025878906, 0),
	Vector3.new(-19.309463500976562, -3.3605804443359375, 0),
	Vector3.new(-18.64739990234375, -4.649387359619141, 0),
	Vector3.new(-18.246414184570312, -4.642494201660156, 0),
	Vector3.new(-16.791542053222656, -4.626953125, 0),
	Vector3.new(-17.240013122558594, -5.140201568603516, 0),
	Vector3.new(-18.258285522460938, -4.659206390380859, 0),
	Vector3.new(-16.8128662109375, -4.627021789550781, 0),
	Vector3.new(-16.44470977783203, -4.435413360595703, 0),
	Vector3.new(-17.7135009765625, -3.5809097290039062, 0),
	Vector3.new(-16.76036834716797, -3.673137664794922, 0),
	Vector3.new(-16.00043487548828, -3.8293380737304688, 0),
	Vector3.new(-15.587196350097656, -4.0216827392578125, 0),
	Vector3.new(-15.268135070800781, -3.907337188720703, 0),
	Vector3.new(-16.086868286132812, -2.751453399658203, 0),
	Vector3.new(-15.459602355957031, -3.0978660583496094, 0),
	Vector3.new(-14.962638854980469, -3.4886398315429688, 0),
	Vector3.new(-14.697219848632812, -3.7662353515625, 0),
	Vector3.new(-13.365013122558594, -3.9418792724609375, 0),
	Vector3.new(-12.3492431640625, -4.309608459472656, 0),
	Vector3.new(-11.377296447753906, -4.92742919921875, 0),
	Vector3.new(-12.296180725097656, -4.352878570556641, 0),
	Vector3.new(-13.32745361328125, -3.9698524475097656, 0),
	Vector3.new(-13.182708740234375, -3.7928695678710938, 0),
	Vector3.new(-12.596786499023438, -3.5689659118652344, 0),
	Vector3.new(-11.902381896972656, -3.394683837890625, 0),
	Vector3.new(-11.107284545898438, -3.1729736328125, 0),
	Vector3.new(-10.188003540039062, -3.0707244873046875, 0),
	Vector3.new(-9.413856506347656, -3.0860595703125, 0),
	Vector3.new(-8.694129943847656, -3.1732101440429688, 0),
	Vector3.new(-8.038131713867188, -3.4074478149414062, 0),
	Vector3.new(-8.280502319335938, -3.6320152282714844, 0),
	Vector3.new(-8.688713073730469, -4.0342559814453125, 0),
	Vector3.new(-9.225563049316406, -4.592926025390625, 0),
	Vector3.new(-8.867195129394531, -4.210124969482422, 0),
	Vector3.new(-8.261344909667969, -3.6131362915039062, 0),
	Vector3.new(-7.689170837402344, -3.2182540893554688, 0),
	Vector3.new(-6.916831970214844, -2.9814414978027344, 0),
	Vector3.new(-6.27056884765625, -2.9762496948242188, 0),
	Vector3.new(-5.520423889160156, -3.102447509765625, 0),
	Vector3.new(-4.871269226074219, -3.3792724609375, 0),
	Vector3.new(-4.248466491699219, -3.805419921875, 0),
	Vector3.new(-4.8591156005859375, -3.5896377563476562, 0),
	Vector3.new(-5.691398620605469, -3.3874473571777344, 0),
	Vector3.new(-6.228385925292969, -3.311351776123047, 0),
	Vector3.new(-5.7440948486328125, -3.3531875610351562, 0),
	Vector3.new(-4.265434265136719, -3.8118362426757812, 0),
	Vector3.new(-4.913848876953125, -3.3597488403320312, 0),
	Vector3.new(-5.3961029052734375, -2.905750274658203, 0),
	Vector3.new(-6.332481384277344, -2.450164794921875, 0),
	Vector3.new(-7.351318359375, -2.0724868774414062, 0),
	Vector3.new(-8.483062744140625, -1.823028564453125, 0),
	Vector3.new(-9.702117919921875, -1.7586593627929688, 0),
	Vector3.new(-10.211532592773438, -1.7661819458007812, 0),
	Vector3.new(-11.50909423828125, -1.9006233215332031, 0),
	Vector3.new(-12.543838500976562, -2.1249847412109375, 0),
	Vector3.new(-13.471755981445312, -2.4302597045898438, 0),
	Vector3.new(-14.265968322753906, -2.7688064575195312, 0),
	Vector3.new(-15.14617919921875, -3.3002700805664062, 0),
	Vector3.new(-14.687744140625, -3.7834701538085938, 0),
	Vector3.new(-15.284614562988281, -3.891448974609375, 0),
	Vector3.new(-15.608116149902344, -4.017021179199219, 0),
	Vector3.new(-16.40758514404297, -4.424407958984375, 0),
	Vector3.new(-16.810638427734375, -4.622318267822266, 0),
	Vector3.new(-17.22406005859375, -5.1045074462890625, 0),
	Vector3.new(-17.49688720703125, -5.4488677978515625, 0),
	Vector3.new(-11.280158996582031, -7.013544082641602, 0),
	Vector3.new(-11.850944519042969, -6.771703720092773, 0),
	Vector3.new(-12.400566101074219, -6.612226486206055, 0),
	Vector3.new(-12.914100646972656, -6.6156158447265625, 0),
	Vector3.new(-13.539176940917969, -6.784320831298828, 0),
	Vector3.new(-14.178932189941406, -7.059989929199219, 0),
	Vector3.new(-14.611976623535156, -7.509206771850586, 0),
	Vector3.new(-14.947608947753906, -7.945863723754883, 0),
	Vector3.new(-15.25872802734375, -8.502315521240234, 0),
	Vector3.new(-15.46844482421875, -8.956319808959961, 0),
	Vector3.new(-15.717147827148438, -9.63675308227539, 0),
	Vector3.new(-16.052108764648438, -10.715780258178711, 0),
	Vector3.new(-16.320037841796875, -11.975456237792969, 0),
	Vector3.new(-16.457679748535156, -13.236059188842773, 0),
	Vector3.new(-16.530532836914062, -14.454353332519531, 0),
	Vector3.new(-16.50646209716797, -16.052583694458008, 0),
	Vector3.new(-16.45616912841797, -17.333114624023438, 0),
	Vector3.new(-16.150238037109375, -19.293067932128906, 0),
	Vector3.new(-15.733528137207031, -21.079896926879883, 0),
	Vector3.new(-15.238052368164062, -22.754180908203125, 0),
	Vector3.new(-14.652542114257812, -24.554656982421875, 0),
	Vector3.new(-13.725982666015625, -26.527929306030273, 0),
	Vector3.new(-12.974639892578125, -27.94051742553711, 0),
	Vector3.new(-12.218666076660156, -29.09966278076172, 0),
	Vector3.new(-12.969337463378906, -28.180198669433594, 0),
	Vector3.new(-14.166534423828125, -26.34938621520996, 0),
	Vector3.new(-15.581703186035156, -23.464492797851562, 0),
	Vector3.new(-16.62604522705078, -20.46041488647461, 0),
	Vector3.new(-16.846595764160156, -19.356494903564453, 0),
	Vector3.new(-16.63525390625, -19.790298461914062, 0),
	Vector3.new(-15.923568725585938, -19.226985931396484, 0),
	Vector3.new(-15.003372192382812, -18.575706481933594, 0),
	Vector3.new(-15.111824035644531, -15.377666473388672, 0),
	Vector3.new(-16.18609619140625, -18.711156845092773, 0),
	Vector3.new(-16.131591796875, -19.29485321044922, 0),
	Vector3.new(-15.027244567871094, -18.613588333129883, 0),
	Vector3.new(-14.522270202636719, -18.448448181152344, 0),
	Vector3.new(-13.594200134277344, -18.516103744506836, 0),
	Vector3.new(-12.442596435546875, -18.896881103515625, 0),
	Vector3.new(-11.961540222167969, -19.48784828186035, 0),
	Vector3.new(-11.20623779296875, -20.007911682128906, 0),
	Vector3.new(-11.872100830078125, -19.664752960205078, 0),
	Vector3.new(-12.367332458496094, -19.264938354492188, 0),
	Vector3.new(-13.156044006347656, -18.847354888916016, 0),
	Vector3.new(-14.351547241210938, -18.64409065246582, 0),
	Vector3.new(-15.088775634765625, -18.93730926513672, 0),
	Vector3.new(-15.914497375488281, -19.80573272705078, 0),
	Vector3.new(-15.995811462402344, -19.39792251586914, 0),
	Vector3.new(-15.853645324707031, -19.638328552246094, 0),
	Vector3.new(-15.834266662597656, -19.232295989990234, 0),
	Vector3.new(-15.757118225097656, -19.50600242614746, 0),
	Vector3.new(-15.551918029785156, -19.1352481842041, 0),
	Vector3.new(-15.409011840820312, -19.005292892456055, 0),
	Vector3.new(-15.140113830566406, -18.812585830688477, 0),
	Vector3.new(-14.701400756835938, -18.660566329956055, 0),
	Vector3.new(-14.485115051269531, -18.57836151123047, 0),
	Vector3.new(-13.973388671875, -18.585535049438477, 0),
	Vector3.new(-13.456230163574219, -18.66677474975586, 0),
	Vector3.new(-12.890830993652344, -18.788867950439453, 0),
	Vector3.new(-12.629348754882812, -18.955482482910156, 0),
	Vector3.new(-12.371696472167969, -19.088443756103516, 0),
	Vector3.new(-12.277854919433594, -19.207448959350586, 0),
	Vector3.new(-12.152008056640625, -19.363126754760742, 0),
	Vector3.new(-12.206321716308594, -18.396970748901367, 0),
	Vector3.new(-12.079032897949219, -15.92097282409668, 0),
	Vector3.new(-11.949996948242188, -12.947654724121094, 0),
	Vector3.new(-12.175216674804688, -14.411834716796875, 0),
	Vector3.new(-12.522979736328125, -15.494216918945312, 0),
	Vector3.new(-12.956192016601562, -16.680950164794922, 0),
	Vector3.new(-13.745384216308594, -18.31827735900879, 0),
	Vector3.new(-13.281761169433594, -16.90808868408203, 0),
	Vector3.new(-12.96856689453125, -14.774307250976562, 0),
	Vector3.new(-12.722877502441406, -13.021785736083984, 0),
	Vector3.new(-13.181381225585938, -14.45220947265625, 0),
	Vector3.new(-13.678321838378906, -15.82467269897461, 0),
	Vector3.new(-14.171852111816406, -17.304847717285156, 0),
	Vector3.new(-14.466819763183594, -18.339906692504883, 0),
	Vector3.new(-14.495384216308594, -18.58325958251953, 0),
	Vector3.new(-12.882087707519531, -18.7996883392334, 0),
	Vector3.new(-12.18060302734375, -19.345947265625, 0),
	Vector3.new(-11.580291748046875, -18.425745010375977, 0),
	Vector3.new(-10.947967529296875, -16.8935489654541, 0),
	Vector3.new(-10.419898986816406, -15.631509780883789, 0),
	Vector3.new(-9.962165832519531, -13.97381591796875, 0),
	Vector3.new(-9.749046325683594, -11.982316970825195, 0),
	Vector3.new(-9.759506225585938, -10.836051940917969, 0),
	Vector3.new(-9.650360107421875, -12.066904067993164, 0),
	Vector3.new(-9.49371337890625, -13.265296936035156, 0),
	Vector3.new(-9.463775634765625, -15.361732482910156, 0),
	Vector3.new(-9.468955993652344, -17.112689971923828, 0),
	Vector3.new(-9.663825988769531, -17.825511932373047, 0),
	Vector3.new(-9.837867736816406, -18.573816299438477, 0),
	Vector3.new(-9.625335693359375, -17.729721069335938, 0),
	Vector3.new(-9.314605712890625, -16.44248390197754, 0),
	Vector3.new(-9.194717407226562, -15.13897705078125, 0),
	Vector3.new(-9.121177673339844, -14.259683609008789, 0),
	Vector3.new(-9.144126892089844, -13.12869644165039, 0),
	Vector3.new(-9.230850219726562, -11.758264541625977, 0),
	Vector3.new(-9.479881286621094, -10.120523452758789, 0),
	Vector3.new(-9.697647094726562, -9.343786239624023, 0),
	Vector3.new(-9.336639404296875, -10.838275909423828, 0),
	Vector3.new(-8.953285217285156, -11.591014862060547, 0),
	Vector3.new(-8.518875122070312, -12.823347091674805, 0),
	Vector3.new(-8.110275268554688, -14.400081634521484, 0),
	Vector3.new(-7.9660491943359375, -15.379688262939453, 0),
	Vector3.new(-7.841743469238281, -16.187231063842773, 0),
	Vector3.new(-7.771018981933594, -17.312158584594727, 0),
	Vector3.new(-7.857490539550781, -18.6522216796875, 0),
	Vector3.new(-7.9933929443359375, -19.814695358276367, 0),
	Vector3.new(-8.1302490234375, -20.313411712646484, 0),
	Vector3.new(-7.790351867675781, -19.82368278503418, 0),
	Vector3.new(-7.416755676269531, -18.998252868652344, 0),
	Vector3.new(-7.164329528808594, -18.148983001708984, 0),
	Vector3.new(-6.9059906005859375, -17.003273010253906, 0),
	Vector3.new(-6.804161071777344, -15.999324798583984, 0),
	Vector3.new(-6.805450439453125, -14.256881713867188, 0),
	Vector3.new(-6.9970703125, -12.390304565429688, 0),
	Vector3.new(-7.1739349365234375, -11.253908157348633, 0),
	Vector3.new(-7.67169189453125, -9.792980194091797, 0),
	Vector3.new(-7.9593658447265625, -9.155872344970703, 0),
	Vector3.new(-8.153656005859375, -8.670318603515625, 0),
	Vector3.new(-8.413230895996094, -8.303386688232422, 0),
	Vector3.new(-5.983711242675781, -10.432966232299805, 0),
	Vector3.new(-5.808074951171875, -10.94085693359375, 0),
	Vector3.new(-5.4357757568359375, -12.066705703735352, 0),
	Vector3.new(-5.164268493652344, -13.475385665893555, 0),
	Vector3.new(-4.9951324462890625, -14.641311645507812, 0),
	Vector3.new(-4.9676666259765625, -16.09066390991211, 0),
	Vector3.new(-5.200111389160156, -17.132980346679688, 0),
	Vector3.new(-5.495002746582031, -18.27533531188965, 0),
	Vector3.new(-5.725593566894531, -18.909372329711914, 0),
	Vector3.new(-5.770179748535156, -17.59731674194336, 0),
	Vector3.new(-6.041648864746094, -15.814184188842773, 0),
	Vector3.new(-6.478736877441406, -14.074779510498047, 0),
	Vector3.new(-6.7660064697265625, -13.41728401184082, 0),
	Vector3.new(-6.806976318359375, -15.420888900756836, 0),
	Vector3.new(-7.09759521484375, -15.272666931152344, 0),
	Vector3.new(-7.4326171875, -15.229997634887695, 0),
	Vector3.new(-7.654258728027344, -15.131956100463867, 0),
	Vector3.new(-7.770988464355469, -15.118009567260742, 0),
	Vector3.new(-7.887519836425781, -15.104084014892578, 0),
	Vector3.new(-8.038040161132812, -15.073783874511719, 0),
	Vector3.new(-8.317848205566406, -14.87226676940918, 0),
	Vector3.new(-6.944236755371094, -15.337936401367188, 0),
	Vector3.new(-7.9927978515625, -15.019914627075195, 0),
	Vector3.new(-6.827301025390625, -15.33474349975586, 0),
	Vector3.new(-6.217170715332031, -15.474876403808594, 0),
	Vector3.new(-5.0053558349609375, -15.72287368774414, 0),
	Vector3.new(-4.4705963134765625, -15.780340194702148, 0),
	Vector3.new(-4.604942321777344, -14.913593292236328, 0),
	Vector3.new(-4.8022308349609375, -14.081329345703125, 0),
	Vector3.new(-5.0319061279296875, -13.607812881469727, 0),
	Vector3.new(-5.067466735839844, -13.511285781860352, 0),
	Vector3.new(-5.1769866943359375, -13.457389831542969, 0),
	Vector3.new(-4.9374237060546875, -13.79150390625, 0),
	Vector3.new(-4.6208038330078125, -14.745756149291992, 0),
	Vector3.new(-4.4867706298828125, -15.76108169555664, 0),
	Vector3.new(-4.326751708984375, -17.434202194213867, 0),
	Vector3.new(-4.2666168212890625, -17.491601943969727, 0),
	Vector3.new(-4.1831512451171875, -17.294288635253906, 0),
	Vector3.new(-4.151863098144531, -16.69255828857422, 0),
	Vector3.new(-4.1790924072265625, -15.422607421875, 0),
	Vector3.new(-4.275535583496094, -13.874046325683594, 0),
	Vector3.new(-4.4248199462890625, -13.102304458618164, 0),
	Vector3.new(-4.637840270996094, -12.025064468383789, 0),
	Vector3.new(-5.0008087158203125, -10.89366340637207, 0),
	Vector3.new(-5.384727478027344, -9.900796890258789, 0),
	Vector3.new(-4.988090515136719, -10.892732620239258, 0),
	Vector3.new(-4.639350891113281, -12.010669708251953, 0),
	Vector3.new(-4.354789733886719, -13.430343627929688, 0),
	Vector3.new(-4.1492919921875, -13.794469833374023, 0),
	Vector3.new(-3.7517929077148438, -14.491552352905273, 0),
	Vector3.new(-3.4722213745117188, -15.527442932128906, 0),
	Vector3.new(-3.2532501220703125, -16.08940887451172, 0),
	Vector3.new(-3.3478469848632812, -15.864700317382812, 0),
	Vector3.new(-4.164421081542969, -15.805841445922852, 0),
	Vector3.new(-4.489387512207031, -15.77471923828125, 0),
	Vector3.new(-3.3742752075195312, -15.878833770751953, 0),
	Vector3.new(-3.0428466796875, -16.819751739501953, 0),
	Vector3.new(-2.7672042846679688, -18.068344116210938, 0),
	Vector3.new(-2.7198638916015625, -19.1073055267334, 0),
	Vector3.new(-2.8291015625, -20.39373016357422, 0),
	Vector3.new(-2.9563369750976562, -21.27627944946289, 0),
	Vector3.new(-3.3019256591796875, -22.366718292236328, 0),
	Vector3.new(-3.5174560546875, -22.858081817626953, 0),
	Vector3.new(-3.1306991577148438, -22.1967716217041, 0),
	Vector3.new(-2.7383880615234375, -21.26476287841797, 0),
	Vector3.new(-2.1665725708007812, -19.77950096130371, 0),
	Vector3.new(-1.9461593627929688, -18.733320236206055, 0),
	Vector3.new(-1.822845458984375, -17.084999084472656, 0),
	Vector3.new(-1.9256362915039062, -15.376256942749023, 0),
	Vector3.new(-2.3216934204101562, -13.340635299682617, 0),
	Vector3.new(-2.9130020141601562, -11.753786087036133, 0),
	Vector3.new(-3.4543075561523438, -10.617820739746094, 0),
	Vector3.new(-3.9753036499023438, -9.612842559814453, 0),
	Vector3.new(-4.361167907714844, -8.928546905517578, 0),
	Vector3.new(-4.758819580078125, -8.497003555297852, 0),
	Vector3.new(-4.887519836425781, -8.284536361694336, 0),
	Vector3.new(-1.6153335571289062, -11.395751953125, 0),
	Vector3.new(-1.8634185791015625, -10.738264083862305, 0),
	Vector3.new(-2.1932449340820312, -10.156307220458984, 0),
	Vector3.new(-2.6774520874023438, -9.353385925292969, 0),
	Vector3.new(-3.4526824951171875, -8.22831916809082, 0),
	Vector3.new(-4.812255859375, -6.806430816650391, 0),
	Vector3.new(-6.257331848144531, -5.632968902587891, 0),
	Vector3.new(-7.127418518066406, -5.2383270263671875, 0),
	Vector3.new(-8.129447937011719, -5.45404052734375, 0),
	Vector3.new(-8.943473815917969, -5.711021423339844, 0),
	Vector3.new(-9.340217590332031, -5.948577880859375, 0),
	Vector3.new(-2.9763870239257812, -18.519834518432617, 0),
	Vector3.new(-3.2076339721679688, -18.980722427368164, 0),
	Vector3.new(-3.64361572265625, -19.98876953125, 0),
	Vector3.new(-3.2214431762695312, -18.670774459838867, 0),
	Vector3.new(-3.1461029052734375, -18.45416831970215, 0),
	Vector3.new(-3.285919189453125, -18.163715362548828, 0),
	Vector3.new(-4.677101135253906, -17.336271286010742, 0),
	Vector3.new(-4.7708282470703125, -17.51218605041504, 0),
	Vector3.new(-3.212158203125, -18.364749908447266, 0),
	Vector3.new(-4.6345672607421875, -17.472427368164062, 0),
	Vector3.new(-5.189964294433594, -17.46378517150879, 0),
	Vector3.new(-5.195274353027344, -17.65287208557129, 0),
	Vector3.new(-4.814422607421875, -17.651931762695312, 0),
	Vector3.new(-4.864448547363281, -17.4945068359375, 0),
	Vector3.new(-5.068229675292969, -17.53864288330078, 0),
	Vector3.new(-5.710868835449219, -17.606714248657227, 0),
	Vector3.new(-5.652862548828125, -17.728918075561523, 0),
	Vector3.new(-5.471778869628906, -17.71025276184082, 0),
	Vector3.new(-5.845619201660156, -17.670555114746094, 0),
	Vector3.new(-7.171272277832031, -18.34161949157715, 0),
	Vector3.new(-7.266326904296875, -18.711837768554688, 0),
	Vector3.new(-6.523216247558594, -18.12432289123535, 0),
	Vector3.new(-5.883033752441406, -17.919219970703125, 0),
	Vector3.new(-5.856475830078125, -17.77933692932129, 0),
	Vector3.new(-7.127586364746094, -18.475299835205078, 0),
	Vector3.new(-6.8044281005859375, -18.352148056030273, 0),
	Vector3.new(-6.8014373779296875, -18.77225112915039, 0),
	Vector3.new(-6.8997802734375, -19.5206241607666, 0),
	Vector3.new(-6.846275329589844, -20.382463455200195, 0),
	Vector3.new(-6.553459167480469, -21.331348419189453, 0),
	Vector3.new(-6.069816589355469, -21.910640716552734, 0),
	Vector3.new(-5.4886322021484375, -21.87689971923828, 0),
	Vector3.new(-5.0054779052734375, -21.419139862060547, 0),
	Vector3.new(-4.652229309082031, -20.532747268676758, 0),
	Vector3.new(-4.5458221435546875, -19.739625930786133, 0),
	Vector3.new(-4.468231201171875, -18.693235397338867, 0),
	Vector3.new(-4.783378601074219, -17.637693405151367, 0),
	Vector3.new(-4.574249267578125, -17.47655487060547, 0),
	Vector3.new(-3.0972900390625, -18.471046447753906, 0),
	Vector3.new(-2.7355422973632812, -18.57742691040039, 0),
	Vector3.new(-0.45276641845703125, -20.321998596191406, 0),
	Vector3.new(-1.2343215942382812, -22.118000030517578, 0),
	Vector3.new(-2.5950698852539062, -25.080673217773438, 0),
	Vector3.new(-4.229248046875, -28.31634521484375, 0),
	Vector3.new(-4.818260192871094, -30.07412338256836, 0),
	Vector3.new(-5.279380798339844, -31.970319747924805, 0),
	Vector3.new(-5.379447937011719, -33.319828033447266, 0),
	Vector3.new(-5.327720642089844, -34.18844223022461, 0),
	Vector3.new(-5.1028900146484375, -35.3274040222168, 0),
	Vector3.new(-4.692451477050781, -36.26050567626953, 0),
	Vector3.new(-5.0868988037109375, -35.32696533203125, 0),
	Vector3.new(-5.323005676269531, -34.130653381347656, 0),
	Vector3.new(-5.365509033203125, -33.29297637939453, 0),
	Vector3.new(-5.526710510253906, -31.85067367553711, 0),
	Vector3.new(-5.484352111816406, -30.483261108398438, 0),
	Vector3.new(-5.114418029785156, -28.624359130859375, 0),
	Vector3.new(-4.676239013671875, -27.108041763305664, 0),
	Vector3.new(-4.142333984375, -25.794340133666992, 0),
	Vector3.new(-3.2367935180664062, -22.547527313232422, 0),
	Vector3.new(-3.7607574462890625, -24.18395233154297, 0),
	Vector3.new(-4.375358581542969, -24.945911407470703, 0),
	Vector3.new(-5.261016845703125, -25.751222610473633, 0),
	Vector3.new(-5.9848480224609375, -26.270957946777344, 0),
	Vector3.new(-8.921783447265625, -28.224998474121094, 0),
	Vector3.new(-11.508979797363281, -27.327442169189453, 0),
	Vector3.new(-13.902168273925781, -25.995765686035156, 0),
	Vector3.new(-13.876434326171875, -26.23416519165039, 0),
	Vector3.new(-12.912940979003906, -28.0802001953125, 0),
	Vector3.new(-14.344894409179688, -26.151123046875, 0),
	Vector3.new(-13.999404907226562, -27.414844512939453, 0),
	Vector3.new(-13.574462890625, -28.898059844970703, 0),
	Vector3.new(-13.274566650390625, -30.96410369873047, 0),
	Vector3.new(-13.012748718261719, -32.91802215576172, 0),
	Vector3.new(-12.864173889160156, -34.522438049316406, 0),
	Vector3.new(-12.960113525390625, -36.21226501464844, 0),
	Vector3.new(-13.072441101074219, -37.72676086425781, 0),
	Vector3.new(-13.1943359375, -38.24634552001953, 0),
	Vector3.new(-13.264671325683594, -37.36390686035156, 0),
	Vector3.new(-13.469070434570312, -34.986900329589844, 0),
	Vector3.new(-13.985595703125, -32.24700927734375, 0),
	Vector3.new(-14.6798095703125, -29.91301727294922, 0),
	Vector3.new(-14.954170227050781, -28.80056381225586, 0),
	Vector3.new(-14.302970886230469, -31.083250045776367, 0),
	Vector3.new(-14.441009521484375, -33.852447509765625, 0),
	Vector3.new(-14.966758728027344, -30.999664306640625, 0),
	Vector3.new(-16.21112060546875, -27.61763572692871, 0),
	Vector3.new(-17.127655029296875, -25.54662322998047, 0),
	Vector3.new(-18.22777557373047, -22.622018814086914, 0),
	Vector3.new(-18.93157196044922, -20.08755874633789, 0),
	Vector3.new(-21.506362915039062, -15.304569244384766, 0),
	Vector3.new(-22.0450439453125, -14.629783630371094, 0),
	Vector3.new(-22.629554748535156, -13.412796020507812, 0),
	Vector3.new(-22.925430297851562, -12.851888656616211, 0),
	Vector3.new(-23.552268981933594, -11.301109313964844, 0),
	Vector3.new(-22.986045837402344, -11.471065521240234, 0),
	Vector3.new(-23.220504760742188, -11.070606231689453, 0),
	Vector3.new(-22.56092071533203, -11.2838134765625, 0),
	Vector3.new(-23.19641876220703, -10.780353546142578, 0),
	Vector3.new(-22.16997528076172, -10.808364868164062, 0),
	Vector3.new(-23.299758911132812, -10.178787231445312, 0),
	Vector3.new(-22.32056427001953, -10.060176849365234, 0),
	Vector3.new(-20.946876525878906, -10.105575561523438, 0),
	Vector3.new(-19.623626708984375, -10.384822845458984, 0),
	Vector3.new(-21.91429901123047, -17.118671417236328, 0),
	Vector3.new(-22.367263793945312, -18.196285247802734, 0),
	Vector3.new(-22.562545776367188, -19.91463851928711, 0),
	Vector3.new(-22.34375762939453, -21.538686752319336, 0),
	Vector3.new(-22.057998657226562, -22.44512176513672, 0),
	Vector3.new(-21.26093292236328, -24.14647102355957, 0),
	Vector3.new(-20.522422790527344, -25.921192169189453, 0),
	Vector3.new(-21.07794952392578, -25.60382843017578, 0),
	Vector3.new(-21.923255920410156, -24.932458877563477, 0),
	Vector3.new(-21.876556396484375, -24.357566833496094, 0),
	Vector3.new(-21.755714416503906, -24.002317428588867, 0),
	Vector3.new(-21.55500030517578, -23.765962600708008, 0),
	Vector3.new(-21.75726318359375, -23.212514877319336, 0),
	Vector3.new(-21.87427520751953, -23.992347717285156, 0),
	Vector3.new(-22.05084991455078, -24.983856201171875, 0),
	Vector3.new(-21.607337951660156, -25.64982032775879, 0),
	Vector3.new(-21.13055419921875, -26.490922927856445, 0),
	Vector3.new(-20.940353393554688, -27.16461944580078, 0),
	Vector3.new(-21.070541381835938, -27.238426208496094, 0),
	Vector3.new(-21.13275909423828, -27.709861755371094, 0),
	Vector3.new(-21.127471923828125, -27.992923736572266, 0),
	Vector3.new(-20.799278259277344, -28.359655380249023, 0),
	Vector3.new(-20.403579711914062, -29.16264533996582, 0),
	Vector3.new(-19.881126403808594, -30.02082061767578, 0),
	Vector3.new(-19.909469604492188, -30.426631927490234, 0),
	Vector3.new(-19.60393524169922, -31.483306884765625, 0),
	Vector3.new(-19.018081665039062, -32.383235931396484, 0),
	Vector3.new(-18.583900451660156, -33.414981842041016, 0),
	Vector3.new(-17.18187713623047, -36.38914108276367, 0),
	Vector3.new(-14.727249145507812, -36.981781005859375, 0),
	Vector3.new(-16.384300231933594, -34.422569274902344, 0),
	Vector3.new(-18.422569274902344, -31.84898567199707, 0),
	Vector3.new(-19.618003845214844, -30.422170639038086, 0),
	Vector3.new(-19.880218505859375, -30.038692474365234, 0),
	Vector3.new(-20.788856506347656, -28.370281219482422, 0),
	Vector3.new(-19.688674926757812, -29.16961669921875, 0),
	Vector3.new(-17.81688690185547, -29.866579055786133, 0),
	Vector3.new(-16.446975708007812, -30.229551315307617, 0),
	Vector3.new(-15.194389343261719, -30.328920364379883, 0),
	Vector3.new(-15.349716186523438, -29.87633514404297, 0),
	Vector3.new(-16.13744354248047, -29.802602767944336, 0),
	Vector3.new(-17.001388549804688, -29.536958694458008, 0),
	Vector3.new(-13.360862731933594, -29.794557571411133, 0),
	Vector3.new(-12.649658203125, -30.857192993164062, 0),
	Vector3.new(-11.882949829101562, -32.459068298339844, 0),
	Vector3.new(-11.585601806640625, -34.34605407714844, 0),
	Vector3.new(-11.521812438964844, -36.038780212402344, 0),
	Vector3.new(-11.810401916503906, -37.819698333740234, 0),
	Vector3.new(0.23201751708984375, -38.25410461425781, 0),
	Vector3.new(0.39980316162109375, -37.71782684326172, 0),
	Vector3.new(0.5282363891601562, -36.602745056152344, 0),
	Vector3.new(0.43628692626953125, -35.44959259033203, 0),
	Vector3.new(0.1912078857421875, -34.22988510131836, 0),
	Vector3.new(0.17731475830078125, -33.14452362060547, 0),
	Vector3.new(0.184661865234375, -32.49113464355469, 0),
	Vector3.new(-0.9156341552734375, -33.65974807739258, 0),
	Vector3.new(0.266510009765625, -32.36315155029297, 0),
	Vector3.new(0.8072052001953125, -31.693378448486328, 0),
	Vector3.new(1.4256210327148438, -30.66278839111328, 0),
	Vector3.new(2.3342208862304688, -29.329620361328125, 0),
	Vector3.new(2.9639816284179688, -27.814456939697266, 0),
	Vector3.new(2.9783782958984375, -27.557878494262695, 0),
	Vector3.new(2.079315185546875, -27.813486099243164, 0),
	Vector3.new(0.7901382446289062, -28.147138595581055, 0),
	Vector3.new(-0.9108123779296875, -28.652324676513672, 0),
	Vector3.new(-2.6244049072265625, -29.079418182373047, 0),
	Vector3.new(-3.9481201171875, -28.809104919433594, 0),
	Vector3.new(-4.2986602783203125, -28.64196014404297, 0),
	Vector3.new(-5.1578369140625, -26.715150833129883, 0),
	Vector3.new(-7.087532043457031, -27.048337936401367, 0),
	Vector3.new(-6.001091003417969, -27.742095947265625, 0),
	Vector3.new(-6.212371826171875, -30.66045379638672, 0),
	Vector3.new(-6.665626525878906, -34.0135498046875, 0),
	Vector3.new(-6.140495300292969, -31.5587158203125, 0),
	Vector3.new(-6.697013854980469, -34.38670349121094, 0),
	Vector3.new(-7.866859436035156, -37.414283752441406, 0),
	Vector3.new(-7.0222930908203125, -35.97121810913086, 0),
	Vector3.new(-6.0574493408203125, -34.05169677734375, 0),
	Vector3.new(-5.5413360595703125, -32.12504577636719, 0),
	Vector3.new(-3.7126007080078125, -27.48509407043457, 0),
	Vector3.new(-2.935272216796875, -26.352678298950195, 0),
	Vector3.new(-2.0920562744140625, -25.19952964782715, 0),
	Vector3.new(-1.0961990356445312, -23.86945915222168, 0),
	Vector3.new(-0.32097625732421875, -22.57376480102539, 0),
	Vector3.new(0.4185638427734375, -20.487401962280273, 0),
	Vector3.new(0.8368988037109375, -18.506244659423828, 0),
	Vector3.new(0.9919052124023438, -16.284372329711914, 0),
	Vector3.new(0.9266128540039062, -14.891942977905273, 0),
	Vector3.new(0.5958709716796875, -12.53082275390625, 0),
	Vector3.new(0.23069000244140625, -10.81509017944336, 0),
	Vector3.new(0.09755706787109375, -10.467992782592773, 0),
	Vector3.new(0.5831527709960938, -12.577072143554688, 0),
	Vector3.new(0.7624664306640625, -13.629592895507812, 0),
	Vector3.new(1.7961349487304688, -14.752265930175781, 0),
	Vector3.new(3.5830917358398438, -16.75708770751953, 0),
	Vector3.new(5.5704193115234375, -18.75347328186035, 0),
	Vector3.new(7.429450988769531, -20.28058433532715, 0),
	Vector3.new(5.428474426269531, -18.223825454711914, 0),
	Vector3.new(4.1131591796875, -16.41100311279297, 0),
	Vector3.new(3.0059356689453125, -14.571374893188477, 0),
	Vector3.new(2.81298828125, -14.1405029296875, 0),
	Vector3.new(3.2625350952148438, -13.643726348876953, 0),
	Vector3.new(3.709259033203125, -12.635019302368164, 0),
	Vector3.new(4.123512268066406, -11.70034408569336, 0),
	Vector3.new(4.518486022949219, -10.804349899291992, 0),
	Vector3.new(5.006553649902344, -10.643814086914062, 0),
	Vector3.new(5.871040344238281, -10.360984802246094, 0),
	Vector3.new(6.989021301269531, -10.183605194091797, 0),
	Vector3.new(5.6321563720703125, -9.664608001708984, 0),
	Vector3.new(7.599662780761719, -9.640148162841797, 0),
	Vector3.new(5.435966491699219, -8.847738265991211, 0),
	Vector3.new(7.034454345703125, -8.571685791015625, 0),
	Vector3.new(4.8590087890625, -7.930084228515625, 0),
	Vector3.new(3.5907058715820312, -7.369150161743164, 0),
	Vector3.new(1.1991195678710938, -6.008750915527344, 0),
	Vector3.new(0.3377685546875, -5.608364105224609, 0),
	Vector3.new(-1.6643524169921875, -4.924507141113281, 0),
	Vector3.new(-2.5655899047851562, -4.7574310302734375, 0),
	Vector3.new(-1.5177230834960938, -4.427738189697266, 0),
	Vector3.new(-2.5748138427734375, -4.766765594482422, 0),
	Vector3.new(-2.9853363037109375, -4.735027313232422, 0),
	Vector3.new(-4.19146728515625, -3.849559783935547, 0),
	Vector3.new(-2.9011306762695312, -4.754596710205078, 0),
	Vector3.new(-2.3076934814453125, -5.451602935791016, 0),
	Vector3.new(-1.7651901245117188, -6.037841796875, 0),
	Vector3.new(-1.2134170532226562, -6.672208786010742, 0),
	Vector3.new(-0.12223052978515625, -8.1534423828125, 0),
	Vector3.new(0.6676559448242188, -9.468618392944336, 0),
	Vector3.new(1.4456253051757812, -9.009767532348633, 0),
	Vector3.new(2.3782958984375, -8.685550689697266, 0),
	Vector3.new(2.7868576049804688, -8.584207534790039, 0),
	Vector3.new(4.032951354980469, -8.695037841796875, 0),
	Vector3.new(2.8268508911132812, -8.594266891479492, 0),
	Vector3.new(2.8810882568359375, -8.691402435302734, 0),
	Vector3.new(2.4210433959960938, -8.995294570922852, 0),
	Vector3.new(3.250732421875, -9.042285919189453, 0),
	Vector3.new(2.3313980102539062, -10.04217529296875, 0),
	Vector3.new(3.2403945922851562, -9.688037872314453, 0),
	Vector3.new(2.871185302734375, -10.37828254699707, 0),
	Vector3.new(3.7815475463867188, -9.801044464111328, 0),
	Vector3.new(3.238983154296875, -11.659568786621094, 0),
	Vector3.new(2.8360214233398438, -12.416606903076172, 0),
	Vector3.new(2.334808349609375, -12.934236526489258, 0),
	Vector3.new(2.7839889526367188, -14.045469284057617, 0),
	Vector3.new(1.5321807861328125, -11.27103042602539, 0),
	Vector3.new(0.6829299926757812, -9.51498031616211, 0),
	Vector3.new(2.141998291015625, -15.272378921508789, 0),
	Vector3.new(1.0136642456054688, -16.528488159179688, 0),
	Vector3.new(2.0807113647460938, -15.473220825195312, 0),
	Vector3.new(2.8421478271484375, -16.36488914489746, 0),
	Vector3.new(3.5639419555664062, -17.745229721069336, 0),
	Vector3.new(4.005439758300781, -18.693662643432617, 0),
	Vector3.new(4.245170593261719, -19.91149139404297, 0),
	Vector3.new(4.11993408203125, -21.38837242126465, 0),
	Vector3.new(3.7978973388671875, -22.581012725830078, 0),
	Vector3.new(3.2261886596679688, -23.815080642700195, 0),
	Vector3.new(2.280609130859375, -25.34157943725586, 0),
	Vector3.new(1.8815765380859375, -26.002410888671875, 0),
	Vector3.new(2.3847885131835938, -25.79500961303711, 0),
	Vector3.new(3.1146240234375, -25.37519645690918, 0),
	Vector3.new(3.718292236328125, -24.936845779418945, 0),
	Vector3.new(4.232048034667969, -24.5271053314209, 0),
	Vector3.new(4.232048034667969, -24.10467529296875, 0),
	Vector3.new(3.8772811889648438, -23.689668655395508, 0),
	Vector3.new(3.5684814453125, -23.439306259155273, 0),
	Vector3.new(4.2418365478515625, -24.085031509399414, 0),
	Vector3.new(4.466270446777344, -24.37868881225586, 0),
	Vector3.new(3.83636474609375, -25.55524444580078, 0),
	Vector3.new(3.43536376953125, -26.14301300048828, 0),
	Vector3.new(3.2637100219726562, -26.432445526123047, 0),
	Vector3.new(3.1519699096679688, -26.990097045898438, 0),
	Vector3.new(3.0347213745117188, -27.456295013427734, 0),
	Vector3.new(3.0044784545898438, -27.538761138916016, 0),
	Vector3.new(1.8934097290039062, -26.00630760192871, 0),
	Vector3.new(1.200897216796875, -26.318115234375, 0),
	Vector3.new(-0.11299896240234375, -26.78316879272461, 0),
	Vector3.new(-1.310150146484375, -27.052244186401367, 0),
	Vector3.new(-2.5943679809570312, -27.33932876586914, 0),
	Vector3.new(-3.2743911743164062, -27.38060188293457, 0),
	Vector3.new(-3.4839859008789062, -27.42882537841797, 0),
	Vector3.new(-19.381690979003906, -38.301334381103516, 0),
	Vector3.new(-19.35889434814453, -37.23686218261719, 0),
	Vector3.new(-19.09210968017578, -35.750885009765625, 0),
	Vector3.new(-18.763404846191406, -34.42738723754883, 0),
	Vector3.new(-18.629295349121094, -33.698970794677734, 0),
	Vector3.new(-18.65465545654297, -33.44276428222656, 0),
	Vector3.new(-27.27691650390625, -32.58683776855469, 0),
	Vector3.new(-21.969261169433594, -24.99907112121582, 0),
	Vector3.new(-19.817222595214844, -26.43427848815918, 0),
	Vector3.new(-17.834686279296875, -27.783424377441406, 0),
	Vector3.new(-16.550369262695312, -28.099157333374023, 0),
	Vector3.new(-15.985137939453125, -28.119041442871094, 0),
	Vector3.new(-14.309791564941406, -26.21791648864746, 0),
	Vector3.new(-14.744850158691406, -24.291133880615234, 0),
	Vector3.new(-15.616920471191406, -21.412853240966797, 0),
	Vector3.new(-16.09619140625, -19.519498825073242, 0),
	Vector3.new(-14.871673583984375, -18.77722930908203, 0),
	Vector3.new(-14.961601257324219, -19.37484359741211, 0),
	Vector3.new(-14.861030578613281, -20.606740951538086, 0),
	Vector3.new(-14.377212524414062, -22.04729461669922, 0),
	Vector3.new(-13.721015930175781, -22.690214157104492, 0),
	Vector3.new(-13.066047668457031, -22.62854766845703, 0),
	Vector3.new(-12.670722961425781, -22.15534782409668, 0),
	Vector3.new(-12.481941223144531, -21.40127182006836, 0),
	Vector3.new(-12.433265686035156, -20.648916244506836, 0),
	Vector3.new(-12.459724426269531, -19.891748428344727, 0),
	Vector3.new(-12.495231628417969, -19.26109504699707, 0),
	Vector3.new(-0.1434478759765625, 0.6229591369628906, 0),
	Vector3.new(-12.609222412109375, -19.086708068847656, 0),
	Vector3.new(-12.247062683105469, -19.2873592376709, 0),
	Vector3.new(-12.942970275878906, -18.786237716674805, 0),
	Vector3.new(-13.75360107421875, -18.652135848999023, 0),
	Vector3.new(-14.516990661621094, -18.577186584472656, 0),
	Vector3.new(-14.886756896972656, -18.68634796142578, 0),
	Vector3.new(-14.739921569824219, -24.048805236816406, 0),
	Vector3.new(-13.951171875, -24.36228370666504, 0),
	Vector3.new(-14.605049133300781, -23.51053237915039, 0),
	Vector3.new(-13.456138610839844, -24.063823699951172, 0),
	Vector3.new(-14.115081787109375, -23.16506576538086, 0),
	Vector3.new(-12.651863098144531, -24.159740447998047, 0),
	Vector3.new(-13.154624938964844, -23.245853424072266, 0),
	Vector3.new(-11.307220458984375, -24.017406463623047, 0),
	Vector3.new(-12.833106994628906, -23.020721435546875, 0),
	Vector3.new(-10.059715270996094, -23.688556671142578, 0),
	Vector3.new(-12.032707214355469, -22.929672241210938, 0),
	Vector3.new(-11.78375244140625, -22.590389251708984, 0),
	Vector3.new(-10.596649169921875, -23.415002822875977, 0),
	Vector3.new(-9.621406555175781, -23.418121337890625, 0),
	Vector3.new(-11.073844909667969, -22.5140323638916, 0),
	Vector3.new(-10.155433654785156, -22.2692813873291, 0),
	Vector3.new(-9.452896118164062, -22.842945098876953, 0),
	Vector3.new(-9.432037353515625, -22.487804412841797, 0),
	Vector3.new(-7.8451385498046875, -23.331809997558594, 0),
	Vector3.new(-9.038925170898438, -22.526382446289062, 0),
	Vector3.new(-8.094169616699219, -22.563915252685547, 0),
	Vector3.new(-6.608695983886719, -23.244924545288086, 0),
	Vector3.new(-7.0697479248046875, -22.501544952392578, 0),
	Vector3.new(-6.02105712890625, -23.12483024597168, 0),
	Vector3.new(-7.012886047363281, -22.528972625732422, 0),
	Vector3.new(-5.911102294921875, -22.842613220214844, 0),
	Vector3.new(-5.1580352783203125, -23.158283233642578, 0),
	Vector3.new(-4.692420959472656, -23.586877822875977, 0),
	Vector3.new(-5.658897399902344, -22.78490447998047, 0),
	Vector3.new(-5.0841064453125, -22.776784896850586, 0),
	Vector3.new(-3.8304214477539062, -23.289241790771484, 0),
	Vector3.new(-9.096649169921875, -23.19867706298828, 0),
	Vector3.new(-8.89501953125, -23.866153717041016, 0),
	Vector3.new(-8.821891784667969, -24.2412109375, 0),
	Vector3.new(-9.04498291015625, -24.551986694335938, 0),
	Vector3.new(-9.150558471679688, -24.468875885009766, 0),
	Vector3.new(-9.166213989257812, -24.00062370300293, 0),
	Vector3.new(-9.195274353027344, -23.766185760498047, 0),
	Vector3.new(-9.176460266113281, -23.415260314941406, 0),
	Vector3.new(-9.094139099121094, -23.626047134399414, 0),
	Vector3.new(-9.1021728515625, -23.843280792236328, 0),
	Vector3.new(-9.101127624511719, -24.165937423706055, 0),
	Vector3.new(-9.092704772949219, -24.3040771484375, 0),
	Vector3.new(-9.052780151367188, -24.026142120361328, 0),
	Vector3.new(-9.0238037109375, -24.151376724243164, 0),
	Vector3.new(-8.980072021484375, -24.2900390625, 0),
	Vector3.new(-8.939750671386719, -23.81778335571289, 0),
	Vector3.new(-8.933197021484375, -24.006328582763672, 0),
	Vector3.new(-8.928642272949219, -24.036602020263672, 0),
	Vector3.new(-8.491897583007812, -25.81256866455078, 0),
	Vector3.new(-8.706405639648438, -25.749011993408203, 0),
	Vector3.new(-9.059272766113281, -25.71936798095703, 0),
	Vector3.new(-9.219688415527344, -25.717578887939453, 0),
	Vector3.new(-9.338020324707031, -25.758363723754883, 0),
	Vector3.new(-9.503196716308594, -25.811397552490234, 0),
	Vector3.new(-9.6416015625, -25.895259857177734, 0),
	Vector3.new(-9.786865234375, -25.993255615234375, 0),
	Vector3.new(-9.806480407714844, -26.02834701538086, 0),
	Vector3.new(-9.7318115234375, -26.10650634765625, 0),
	Vector3.new(-9.651168823242188, -26.11753273010254, 0),
	Vector3.new(-9.492462158203125, -26.139719009399414, 0),
	Vector3.new(-9.313560485839844, -26.148733139038086, 0),
	Vector3.new(-9.150222778320312, -26.15741729736328, 0),
	Vector3.new(-8.980621337890625, -26.161617279052734, 0),
	Vector3.new(-8.6087646484375, -26.16607666015625, 0),
	Vector3.new(-8.441032409667969, -26.132244110107422, 0),
	Vector3.new(-8.373870849609375, -25.99858283996582, 0),
	Vector3.new(-8.423263549804688, -25.893390655517578, 0)
}
